Message	Time Deliver	Simulator Time	Time Message
M22	117.7000	417.7000000000265	300.0
M23	378.7000	678.7000000000858	300.0
M29	482.0000	782.0000000001093	300.0
M20	482.7000	782.7000000001094	300.0
M60	183.1000	783.1000000001095	600.0
M18	483.4000	783.4000000001096	300.0
M21	483.9000	783.9000000001097	300.0
M61	196.1000	796.1000000001125	600.0
M28	574.7000	874.7000000001303	300.0
M17	865.7000	1165.7000000000353	300.0
M99	266.4000	1166.4000000000347	900.0
M13	867.0000	1167.000000000034	300.0
M51	567.6000	1167.6000000000336	600.0
M110	762.1000	1662.0999999995838	900.0
M92	762.4000	1662.3999999995835	900.0
M52	1063.0000	1662.999999999583	600.0
M58	1063.6000	1663.5999999995825	600.0
M31	1364.0000	1663.999999999582	300.0
M67	1064.2000	1664.199999999582	600.0
M15	1364.8000	1664.7999999995814	300.0
M55	1065.3000	1665.299999999581	600.0
M135	466.0000	1665.9999999995803	1200.0
M56	1066.2000	1666.19999999958	600.0
M72	1066.8000	1666.7999999995795	600.0
M136	467.0000	1666.9999999995794	1200.0
M104	767.6000	1667.5999999995788	900.0
M143	468.0000	1667.9999999995784	1200.0
M53	1068.3000	1668.2999999995782	600.0
M66	1068.5000	1668.499999999578	600.0
M57	1068.9000	1668.8999999995776	600.0
M59	1069.4000	1669.3999999995772	600.0
M105	769.6000	1669.599999999577	900.0
M98	769.8000	1669.7999999995768	900.0
M73	1070.0000	1669.9999999995766	600.0
M93	770.5000	1670.4999999995762	900.0
M97	770.8000	1670.799999999576	900.0
M35	1371.4000	1671.3999999995754	300.0
M96	771.8000	1671.799999999575	900.0
M34	1372.1000	1672.0999999995747	300.0
M174	172.6000	1672.5999999995743	1500.0
M9	1372.8000	1672.799999999574	300.0
M94	773.0000	1672.999999999574	900.0
M10	1373.4000	1673.3999999995735	300.0
M19	1373.9000	1673.899999999573	300.0
M16	1374.5000	1674.4999999995725	300.0
M132	475.1000	1675.099999999572	1200.0
M14	1375.8000	1675.7999999995714	300.0
M30	1376.3000	1676.299999999571	300.0
M54	1076.5000	1676.4999999995707	600.0
M134	769.0000	1968.9999999993047	1200.0
M173	469.4000	1969.3999999993043	1500.0
M91	1070.0000	1969.9999999993038	900.0
M111	1070.4000	1970.3999999993034	900.0
M36	1670.7000	1970.6999999993031	300.0
M213	208.6000	2008.5999999992687	1800.0
M131	809.3000	2009.299999999268	1200.0
M87	1109.9000	2009.8999999992675	900.0
M100	1110.6000	2010.5999999992669	900.0
M24	1711.1000	2011.0999999992664	300.0
M62	1411.3000	2011.2999999992662	600.0
M175	511.6000	2011.599999999266	1500.0
M7	1712.2000	2012.1999999992654	300.0
M27	1712.7000	2012.699999999265	300.0
M127	813.3000	2013.2999999992644	1200.0
M65	1413.9000	2013.8999999992639	600.0
M11	1714.1000	2014.0999999992637	300.0
M137	814.3000	2014.2999999992635	1200.0
M48	1414.5000	2014.4999999992633	600.0
M89	1115.2000	2015.1999999992627	900.0
M49	1415.7000	2015.6999999992622	600.0
M12	1716.0000	2015.999999999262	300.0
M50	1416.5000	2016.4999999992615	600.0
M25	1817.3000	2117.29999999917	300.0
M138	917.8000	2117.7999999991694	1200.0
M251	167.1000	2267.0999999990336	2100.0
M176	767.5000	2267.499999999033	1500.0
M211	558.9000	2358.89999999895	1800.0
M151	1159.6000	2359.5999999989494	1200.0
M1	2060.0000	2359.999999998949	300.0
M219	560.3000	2360.299999998949	1800.0
M250	260.9000	2360.8999999989483	2100.0
M170	861.2000	2361.199999998948	1500.0
M129	1161.5000	2361.4999999989477	1200.0
M208	561.8000	2361.7999999989474	1800.0
M5	2062.3000	2362.299999998947	300.0
M181	862.8000	2362.7999999989465	1500.0
M133	1163.4000	2363.399999998946	1200.0
M68	1764.0000	2363.9999999989454	600.0
M77	1464.7000	2364.699999998945	900.0
M106	1464.9000	2364.8999999989446	900.0
M172	865.6000	2365.599999998944	1500.0
M113	1466.0000	2365.9999999989436	900.0
M45	1766.7000	2366.699999998943	600.0
M85	1467.2000	2367.1999999989425	900.0
M107	1467.8000	2367.799999998942	900.0
M149	1168.1000	2368.0999999989417	1200.0
M169	868.6000	2368.5999999989413	1500.0
M39	1769.3000	2369.2999999989406	600.0
M210	569.8000	2369.79999999894	1800.0
M6	2070.4000	2370.3999999989396	300.0
M218	571.0000	2370.999999998939	1800.0
M86	1471.2000	2371.199999998939	900.0
M26	2071.9000	2371.8999999989383	300.0
M168	872.3000	2372.299999998938	1500.0
M37	2072.7000	2372.6999999989375	300.0
M166	873.2000	2373.199999998937	1500.0
M128	1173.7000	2373.6999999989366	1200.0
M142	1174.0000	2373.9999999989363	1200.0
M83	1474.3000	2374.299999998936	900.0
M8	2074.6000	2374.599999998936	300.0
M180	874.8000	2374.7999999989356	1500.0
M212	575.4000	2375.399999998935	1800.0
M44	1776.1000	2376.0999999989344	600.0
M95	1476.4000	2376.399999998934	900.0
M47	1776.8000	2376.799999998934	600.0
M4	2077.1000	2377.0999999989335	300.0
M90	1477.7000	2377.699999998933	900.0
M82	1478.4000	2378.3999999989323	900.0
M69	1779.0000	2378.999999998932	600.0
M74	1779.6000	2379.5999999989313	600.0
M130	1179.9000	2379.899999998931	1200.0
M75	1780.4000	2380.3999999989305	600.0
M125	1504.1000	2704.099999998636	1200.0
M165	1204.8000	2704.7999999986355	1500.0
M289	305.4000	2705.399999998635	2400.0
M214	906.0000	2705.9999999986344	1800.0
M101	1806.4000	2706.399999998634	900.0
M63	2107.0000	2706.9999999986335	600.0
M103	1807.5000	2707.499999998633	900.0
M141	1507.9000	2707.8999999986327	1200.0
M139	1508.5000	2708.499999998632	1200.0
M126	1537.0000	2736.999999998606	1200.0
M252	637.4000	2737.399999998606	2100.0
M88	1837.7000	2737.6999999986056	900.0
M203	938.1000	2738.099999998605	1800.0
M163	1238.4000	2738.399999998605	1500.0
M70	2194.3000	2794.299999998554	600.0
M71	2194.9000	2794.8999999985535	600.0
M2	2495.2000	2795.1999999985533	300.0
M40	2195.9000	2795.8999999985526	600.0
M33	2496.2000	2796.1999999985524	300.0
M123	1596.5000	2796.499999998552	1200.0
M167	1296.7000	2796.699999998552	1500.0
M32	2497.3000	2797.2999999985514	300.0
M144	1597.9000	2797.899999998551	1200.0
M162	1319.6000	2819.599999998531	1500.0
M76	2220.0000	2819.9999999985307	600.0
M179	1320.2000	2820.1999999985305	1500.0
M38	2520.5000	2820.4999999985303	300.0
M43	2221.2000	2821.1999999985296	600.0
M84	1921.8000	2821.799999998529	900.0
M124	1622.0000	2821.999999998529	1200.0
M207	1022.6000	2822.5999999985283	1800.0
M122	1623.0000	2822.999999998528	1200.0
M46	2223.7000	2823.6999999985273	600.0
M245	724.3000	2824.299999998527	2100.0
M121	1624.6000	2824.5999999985265	1200.0
M288	542.0000	2941.9999999984198	2400.0
M247	842.3000	2942.2999999984195	2100.0
M209	1142.7000	2942.699999998419	1800.0
M256	842.9000	2942.899999998419	2100.0
M145	1743.2000	2943.1999999984187	1200.0
M286	543.5000	2943.4999999984184	2400.0
M3	2643.8000	2943.799999998418	300.0
M326	244.3000	2944.2999999984177	2700.0
M186	1444.9000	2944.899999998417	1500.0
M205	1145.1000	2945.099999998417	1800.0
M206	1145.7000	2945.6999999984164	1800.0
M171	1446.1000	2946.099999998416	1500.0
M183	1446.4000	2946.3999999984158	1500.0
M81	2046.7000	2946.6999999984155	900.0
M248	847.1000	2947.099999998415	2100.0
M187	1447.5000	2947.4999999984148	1500.0
M290	762.4000	3162.3999999982193	2400.0
M120	1963.0000	3162.9999999982188	1200.0
M201	1363.6000	3163.599999998218	1800.0
M327	464.1000	3164.0999999982178	2700.0
M217	1364.6000	3164.5999999982173	1800.0
M241	1065.0000	3164.999999998217	2100.0
M365	165.3000	3165.2999999982167	3000.0
M80	2446.8000	3346.7999999980516	900.0
M152	2147.1000	3347.0999999980513	1200.0
M246	1247.8000	3347.7999999980507	2100.0
M262	1248.1000	3348.0999999980504	2100.0
M301	948.7000	3348.69999999805	2400.0
M64	2749.0000	3348.9999999980496	600.0
M147	2149.4000	3349.399999998049	1200.0
M199	1549.8000	3349.799999998049	1800.0
M42	2750.0000	3349.9999999980487	600.0
M333	650.5000	3350.499999998048	2700.0
M114	2450.7000	3350.699999998048	900.0
M204	1551.3000	3351.2999999980475	1800.0
M109	2451.8000	3351.799999998047	900.0
M225	1552.3000	3352.2999999980466	1800.0
M300	952.9000	3352.899999998046	2400.0
M102	2502.0000	3401.9999999980014	900.0
M244	1302.5000	3402.499999998001	2100.0
M41	2803.2000	3403.1999999980003	600.0
M161	1903.6000	3403.599999998	1500.0
M220	1604.1000	3404.0999999979995	1800.0
M140	2204.8000	3404.799999997999	1200.0
M242	1305.4000	3405.3999999979983	2100.0
M280	1005.8000	3405.799999997998	2400.0