Message	Time Deliver	Simulator Time	Time Message
M21	345.5000	645.5000000000782	300.0
M54	791.2000	1391.1999999998302	600.0
M98	491.4000	1391.39999999983	900.0
M20	1092.1000	1392.0999999998294	300.0
M96	492.5000	1392.499999999829	900.0
M134	365.3000	1565.2999999996719	1200.0
M27	1265.8000	1565.7999999996714	300.0
M137	441.1000	1641.099999999603	1200.0
M175	141.4000	1641.3999999996026	1500.0
M99	742.1000	1642.099999999602	900.0
M25	1838.9000	2138.89999999915	300.0
M168	725.2000	2225.1999999990717	1500.0
M7	1925.8000	2225.799999999071	300.0
M29	1926.2000	2226.1999999990708	300.0
M59	1879.4000	2479.3999999988405	600.0
M162	979.6000	2479.5999999988403	1500.0
M251	380.1000	2480.09999999884	2100.0
M186	980.7000	2480.6999999988393	1500.0
M18	2181.0000	2480.999999998839	300.0
M148	1281.4000	2481.3999999988387	1200.0
M58	1882.0000	2481.999999998838	600.0
M22	2182.4000	2482.3999999988378	300.0
M117	1489.3000	2689.2999999986496	1200.0
M41	2090.0000	2689.999999998649	600.0
M79	1790.3000	2690.2999999986487	900.0
M3	2390.6000	2690.5999999986484	300.0
M15	2391.2000	2691.199999998648	300.0
M287	291.9000	2691.899999998647	2400.0
M93	1794.7000	2694.6999999986447	900.0
M17	2395.2000	2695.199999998644	300.0
M30	2395.7000	2695.6999999986438	300.0
M51	2096.3000	2696.299999998643	600.0
M9	2396.5000	2696.499999998643	300.0
M247	596.8000	2696.7999999986428	2100.0
M36	2397.1000	2697.0999999986425	300.0
M141	1615.0000	2814.9999999985353	1200.0
M289	415.6000	2815.5999999985347	2400.0
M179	1315.8000	2815.7999999985345	1500.0
M12	2533.0000	2832.999999998519	300.0
M286	433.3000	2833.2999999985186	2400.0
M60	2250.9000	2850.8999999985026	600.0
M257	751.2000	2851.1999999985023	2100.0
M24	2551.7000	2851.699999998502	300.0
M143	1844.5000	3044.4999999983265	1200.0
M224	1244.8000	3044.7999999983263	1800.0
M89	2145.5000	3045.4999999983256	900.0
M5	2746.0000	3045.999999998325	300.0
M335	1198.7000	3898.6999999975496	2700.0
M69	3299.3000	3899.299999997549	600.0
M198	2099.8000	3899.7999999975486	1800.0
M40	3340.0000	3939.999999997512	600.0
M43	3355.0000	3954.9999999974984	600.0
M355	955.5000	3955.499999997498	3000.0
M119	2756.0000	3955.9999999974975	1200.0
M91	3056.6000	3956.599999997497	900.0
M441	356.8000	3956.799999997497	3600.0
M403	657.0000	3956.9999999974966	3300.0
M195	2157.5000	3957.499999997496	1800.0
M211	2195.5000	3995.4999999974616	1800.0
M56	3395.7000	3995.6999999974614	600.0
M94	3095.9000	3995.8999999974612	900.0
M233	2223.6000	4323.599999998198	2100.0
M362	1549.9000	4549.899999999021	3000.0
M475	650.5000	4550.499999999023	3900.0
M476	651.1000	4551.099999999025	3900.0
M400	1251.6000	4551.599999999027	3300.0
M437	952.2000	4552.199999999029	3600.0
M452	1032.6000	4632.599999999322	3600.0
M370	1633.1000	4633.099999999324	3000.0
M555	133.3000	4633.299999999324	4500.0
M324	1934.0000	4633.999999999327	2700.0
M131	3434.7000	4634.6999999993295	1200.0
M288	2235.2000	4635.199999999331	2400.0
M276	2484.0000	4884.0000000002365	2400.0
M553	384.3000	4884.300000000238	4500.0
M210	3358.3000	5158.300000001234	1800.0
M227	3358.7000	5158.700000001236	1800.0
M483	1259.1000	5159.100000001237	3900.0
M500	1581.3000	5781.300000003501	4200.0
M311	3081.7000	5781.700000003502	2700.0
M605	981.9000	5781.900000003503	4800.0
M566	1464.0000	5964.0000000041655	4500.0
M485	2064.3000	5964.300000004167	3900.0
M397	2665.0000	5965.000000004169	3300.0
M435	2365.5000	5965.500000004171	3600.0
M424	2365.7000	5965.700000004172	3600.0
M661	786.4000	6186.400000004975	5400.0
M327	3486.9000	6186.900000004976	2700.0
M445	2587.6000	6187.600000004979	3600.0
M537	1688.2000	6188.200000004981	4500.0
M575	1417.3000	6217.300000005087	4800.0
M538	1718.0000	6218.0000000050895	4500.0
M434	2618.4000	6218.400000005091	3600.0
M713	893.8000	6593.800000006457	5700.0
M384	3294.1000	6594.100000006458	3300.0
M529	2916.2000	7116.200000008357	4200.0
M711	1416.6000	7116.600000008359	5700.0
M531	2917.1000	7117.10000000836	4200.0
M442	3517.7000	7117.700000008363	3600.0
M626	2103.9000	7203.900000008676	5100.0
M821	614.4000	7214.400000008714	6600.0
M733	1214.7000	7214.7000000087155	6000.0
M783	914.9000	7214.900000008716	6300.0
M472	3315.2000	7215.200000008717	3900.0
M745	1215.7000	7215.700000008719	6000.0
M859	316.3000	7216.300000008721	6900.0
M549	2750.2000	7250.200000008845	4500.0
M523	3050.8000	7250.800000008847	4200.0
M593	2451.1000	7251.100000008848	4800.0
M815	651.7000	7251.70000000885	6600.0
M666	1852.1000	7252.100000008852	5400.0
M622	2152.3000	7252.300000008852	5100.0
M635	2471.3000	7571.300000010013	5100.0
M895	371.5000	7571.5000000100135	7200.0
M864	755.8000	7655.80000001032	6900.0
M659	2256.4000	7656.400000010322	5400.0
M894	457.0000	7657.000000010325	7200.0
M668	2265.2000	7665.200000010354	5400.0
M935	165.8000	7665.800000010357	7500.0
M631	2566.2000	7666.200000010358	5100.0
M651	2583.0000	7983.000000011511	5400.0
M690	2283.2000	7983.200000011511	5700.0
M693	2283.9000	7983.900000011514	5700.0
M849	1084.2000	7984.200000011515	6900.0
M585	3184.9000	7984.9000000115175	4800.0
M973	185.2000	7985.200000011519	7800.0
M898	785.4000	7985.400000011519	7200.0
M825	1385.7000	7985.70000001152	6600.0
M589	3317.2000	8117.200000011999	4800.0
M642	3017.5000	8117.500000012	5100.0
M780	1919.1000	8219.10000001237	6300.0
M744	2219.8000	8219.800000012372	6000.0
M817	1620.4000	8220.400000012374	6600.0
M707	2520.7000	8220.700000012375	5700.0
M930	721.2000	8221.200000012377	7500.0
M742	2221.4000	8221.400000012378	6000.0
M1008	530.9000	8630.900000013868	8100.0
M616	3531.6000	8631.60000001387	5100.0
M1085	394.2000	9094.200000015553	8700.0
M1003	994.8000	9094.800000015555	8100.0
M917	1654.0000	9154.00000001577	7500.0
M1084	454.6000	9154.600000015773	8700.0
M879	1955.3000	9155.300000015775	7200.0
M1042	755.8000	9155.800000015777	8400.0
M1125	330.4000	9330.400000016412	9000.0
M956	1675.9000	9475.900000016942	7800.0
M841	2884.8000	9784.800000018065	6900.0
M958	1996.8000	9796.80000001811	7800.0
M993	1697.1000	9797.10000001811	8100.0
M822	3197.5000	9797.500000018112	6600.0
M781	3498.1000	9798.100000018114	6300.0
M1113	1220.4000	10220.40000001965	9000.0
M955	2420.8000	10220.800000019652	7800.0
M1046	2015.9000	10415.900000020361	8400.0
M1158	1116.2000	10416.200000020362	9300.0
M897	3216.9000	10416.900000020365	7200.0
M1196	817.6000	10417.600000020368	9600.0
M865	3519.8000	10419.800000020376	6900.0
M1237	520.3000	10420.300000020377	9900.0
M1039	2020.7000	10420.700000020379	8400.0
M1236	521.0000	10421.00000002038	9900.0
M867	3521.4000	10421.400000020381	6900.0
M1098	1742.3000	10442.300000020457	8700.0
M963	2642.8000	10442.80000002046	7800.0
M1198	843.3000	10443.300000020461	9600.0
M1001	2343.9000	10443.900000020463	8100.0
M856	3544.3000	10444.300000020465	6900.0
M1031	2107.4000	10507.400000020694	8400.0
M1019	2407.7000	10507.700000020695	8100.0
M1275	424.7000	10624.700000021121	10200.0
M1011	2649.2000	10749.200000021574	8100.0
M1274	549.5000	10749.500000021575	10200.0
M1269	815.1000	11015.100000022541	10200.0
M1012	2915.7000	11015.700000022543	8100.0
M1312	516.0000	11016.000000022545	10500.0
M1102	2743.3000	11443.300000024099	8700.0
M1321	943.8000	11443.8000000241	10500.0
M1162	2144.3000	11444.300000024103	9300.0
M1391	344.8000	11444.800000024105	11100.0
M1353	645.0000	11445.000000024105	10800.0
M1030	3045.5000	11445.500000024107	8400.0
M1315	946.0000	11446.000000024109	10500.0
M1013	3420.3000	11520.30000002438	8100.0
M1389	420.7000	11520.70000002438	11100.0
M1221	1621.3000	11521.300000024383	9900.0
M1327	1022.0000	11522.000000024385	10500.0
M1145	2328.8000	11628.800000024774	9300.0
M1281	1429.2000	11629.200000024775	10200.0
M1146	2329.7000	11629.700000024777	9300.0
M1107	2630.4000	11630.40000002478	9000.0
M1262	1918.1000	12118.100000026554	10200.0
M1091	3418.7000	12118.700000026556	8700.0
M1421	743.8000	12143.800000026647	11400.0
M1243	2244.2000	12144.200000026649	9900.0
M1300	1877.6000	12377.600000027498	10500.0
M1503	506.3000	12506.300000027966	12000.0
M1502	506.8000	12506.800000027968	12000.0
M1460	807.3000	12507.30000002797	11700.0
M1123	3507.6000	12507.600000027971	9000.0
M1119	3507.9000	12507.900000027972	9000.0
M1395	1446.6000	12546.600000028113	11100.0
M1338	1746.8000	12546.800000028114	10800.0
M1417	1147.0000	12547.000000028114	11400.0
M1194	3228.5000	12828.500000029138	9600.0
M1581	228.7000	12828.70000002914	12600.0
M1336	2029.4000	12829.400000029142	10800.0
M1579	303.7000	12903.700000029412	12600.0
M1319	2688.8000	13188.80000003045	10500.0
M1239	3289.5000	13189.500000030452	9900.0
M1376	2090.2000	13190.200000030454	11100.0
M1450	1490.7000	13190.700000030456	11700.0
M1535	891.3000	13191.300000030458	12300.0
M1578	591.8000	13191.80000003046	12600.0
M1573	689.9000	13289.900000030817	12600.0
M1316	2790.2000	13290.200000030818	10500.0
M1453	1590.7000	13290.70000003082	11700.0
M1232	3391.0000	13291.000000030821	9900.0
M1574	802.2000	13402.200000031225	12600.0
M1381	2407.9000	13507.90000003161	11100.0
M1615	608.3000	13508.300000031611	12900.0
M1577	909.0000	13509.000000031614	12600.0
M1516	1509.3000	13509.300000031615	12000.0
M1394	2409.8000	13509.800000031617	11100.0
M1576	936.7000	13536.700000031715	12600.0
M1377	2436.9000	13536.900000031716	11100.0
M1614	637.6000	13537.600000031718	12900.0
M1619	638.0000	13538.00000003172	12900.0
M1428	2138.7000	13538.700000031722	11400.0
M1510	1539.3000	13539.300000031724	12000.0
M1657	339.6000	13539.600000031725	13200.0
M1554	1240.0000	13540.000000031727	12300.0
M1696	617.8000	14117.800000033829	13500.0
M1668	935.2000	14135.200000033892	13200.0
M1466	2435.6000	14135.600000033894	11700.0
M1397	3036.1000	14136.100000033895	11100.0
M1467	2436.7000	14136.700000033898	11700.0
M1540	1837.3000	14137.3000000339	12300.0
M1429	2737.8000	14137.800000033902	11400.0
M1504	2138.5000	14138.500000033904	12000.0
M1769	313.6000	14413.600000034905	14100.0
M1464	2714.0000	14414.000000034906	11700.0
M1665	1214.2000	14414.200000034907	13200.0
M1771	541.5000	14641.500000035734	14100.0
M1388	3541.9000	14641.900000035736	11100.0
M1525	2342.5000	14642.500000035738	12300.0
M1479	2943.1000	14643.10000003574	11700.0
M1809	243.3000	14643.30000003574	14400.0
M1411	3244.0000	14644.000000035743	11400.0
M1487	2644.3000	14644.300000035744	12000.0
M1699	1144.9000	14644.900000035746	13500.0
M1373	3545.5000	14645.500000035749	11100.0
M1449	2945.8000	14645.80000003575	11700.0
M1601	1838.1000	14738.100000036085	12900.0
M1493	2738.6000	14738.600000036087	12000.0
M1639	1539.2000	14739.20000003609	13200.0
M1471	3039.5000	14739.50000003609	11700.0
M1524	2539.8000	14839.800000036455	12300.0
M1431	3440.2000	14840.200000036457	11400.0
M1777	740.8000	14840.80000003646	14100.0
M1473	3141.4000	14841.400000036461	11700.0
M1543	2541.7000	14841.700000036462	12300.0
M1505	2842.3000	14842.300000036465	12000.0
M1766	742.9000	14842.900000036467	14100.0
M1435	3443.3000	14843.300000036468	11400.0
M1847	143.5000	14843.500000036469	14700.0
M1662	1643.8000	14843.80000003647	13200.0
M1544	2884.3000	15184.300000037709	12300.0
M1678	1684.6000	15184.60000003771	13500.0
M1585	2584.9000	15184.900000037711	12600.0
M1844	562.6000	15262.600000037994	14700.0
M1609	2362.8000	15262.800000037994	12900.0
M1715	1463.3000	15263.300000037996	13800.0
M1602	2363.7000	15263.700000037998	12900.0
M1801	864.0000	15264.000000037999	14400.0
M1640	2852.3000	16052.300000040867	13200.0
M1753	1952.9000	16052.900000040869	14100.0
M1616	3153.1000	16053.10000004087	12900.0
M1958	659.1000	16259.100000041619	15600.0
M1756	2159.4000	16259.40000004162	14100.0
M1935	959.6000	16259.60000004162	15300.0
M1654	3059.9000	16259.900000041622	13200.0
M1794	1887.9000	16287.900000041724	14400.0
M1702	2788.3000	16288.300000041725	13500.0
M1999	487.6000	16387.60000004202	15900.0
M2037	188.2000	16388.200000042012	16200.0
M1852	1688.5000	16388.500000042008	14700.0
M1967	788.8000	16388.800000042003	15600.0
M1647	3189.1000	16389.100000042	13200.0
M1961	789.7000	16389.70000004199	15600.0
M1814	1990.3000	16390.30000004198	14400.0
M1905	1569.9000	16869.900000035002	15300.0
M1969	1270.4000	16870.400000034995	15600.0
M1687	3370.7000	16870.70000003499	13500.0
M1695	3498.8000	16998.800000033127	13500.0
M2030	799.2000	16999.20000003312	16200.0
M1797	2599.7000	16999.700000033114	14400.0
M1943	1400.0000	17000.00000003311	15600.0
M1934	2156.6000	17456.600000026465	15300.0
M1762	3434.7000	17534.70000002533	14100.0
M2149	435.0000	17535.000000025324	17100.0
M1757	3435.3000	17535.30000002532	14100.0
M1845	2835.5000	17535.500000025317	14700.0
M1805	3136.1000	17536.100000025308	14400.0
M2033	1767.8000	17967.800000019026	16200.0
M1891	2968.1000	17968.10000001902	15000.0
M1906	2668.6000	17968.600000019014	15300.0
M2227	269.1000	17969.100000019007	17700.0
M1838	3269.7000	17969.700000019	14700.0
M1886	3046.9000	18046.900000017875	15000.0
M2225	347.1000	18047.100000017872	17700.0
M2121	1247.7000	18047.700000017863	16800.0
M2052	1848.0000	18048.00000001786	16200.0
M2057	1548.7000	18048.70000001785	16500.0
M1984	2263.4000	18163.40000001618	15900.0
M2125	1363.7000	18163.700000016175	16800.0
M2163	1064.0000	18164.00000001617	17100.0
M2022	1964.3000	18164.300000016166	16200.0
M1924	2864.8000	18164.80000001616	15300.0
M1887	3410.9000	18410.900000012578	15000.0
M1925	3178.0000	18478.0000000116	15300.0
M2036	2278.7000	18478.70000001159	16200.0
M1885	3479.2000	18479.200000011584	15000.0
M1913	3194.8000	18494.800000011357	15300.0
M2096	1695.2000	18495.20000001135	16800.0
M1904	3195.6000	18495.600000011345	15300.0
M2095	1696.3000	18496.300000011335	16800.0
M2262	496.8000	18496.800000011328	18000.0
M2181	1097.2000	18497.200000011322	17400.0
M2067	2065.2000	18565.200000010333	16500.0
M2239	865.7000	18565.700000010325	17700.0
M2133	1842.1000	18942.100000004848	17100.0
M2215	1242.8000	18942.800000004838	17700.0
M2300	875.8000	19175.800000001447	18300.0
M2338	576.5000	19176.500000001437	18600.0
M2007	3325.7000	19225.70000000072	15900.0
M2010	3326.3000	19226.300000000712	15900.0
M2113	2426.9000	19226.900000000704	16800.0
M2185	1827.5000	19227.500000000695	17400.0
M2075	2727.7000	19227.700000000692	16500.0
M2335	628.1000	19228.100000000686	18600.0
M2061	2728.6000	19228.60000000068	16500.0
M2043	3028.9000	19228.900000000674	16200.0
M2314	929.3000	19229.30000000067	18300.0
M2162	2763.1000	19863.099999991446	17100.0
M2414	663.6000	19863.59999999144	19200.0
M2165	2763.9000	19863.899999991434	17100.0
M2453	364.1000	19864.09999999143	19500.0
M2380	982.8000	19882.79999999116	18900.0
M2345	1283.3000	19883.29999999115	18600.0
M2418	683.7000	19883.699999991146	19200.0
M2411	788.5000	19988.49999998962	19200.0
M2455	489.1000	19989.099999989612	19500.0
M2493	189.6000	19989.599999989605	19800.0
M2385	1090.2000	19990.199999989596	18900.0
M2139	2971.7000	20071.69999998841	17100.0
M2177	2672.1000	20072.099999988404	17400.0
M2391	1172.8000	20072.799999988394	18900.0
M2101	3273.2000	20073.19999998839	16800.0
M2151	2973.8000	20073.79999998838	17100.0
M2491	339.3000	20139.299999987426	19800.0
M2451	639.8000	20139.79999998742	19500.0
M2106	3422.4000	20222.399999986217	16800.0
M2456	722.7000	20222.699999986213	19500.0
M2288	1923.1000	20223.099999986207	18300.0
M2383	1323.6000	20223.5999999862	18900.0
M2361	1395.9000	20295.899999985148	18900.0
M2467	796.6000	20296.599999985137	19500.0
M2190	2897.0000	20296.99999998513	17400.0
M2323	1697.7000	20297.69999998512	18600.0
M2425	1097.9000	20297.89999998512	19200.0
M2372	1607.8000	20507.799999982064	18900.0
M2568	108.4000	20508.399999982055	20400.0
M2529	408.7000	20508.69999998205	20100.0
M2157	3409.2000	20509.199999982044	17100.0
M2142	3409.4000	20509.39999998204	17100.0
M2384	1680.5000	20580.499999981006	18900.0
M2209	2881.2000	20581.199999980996	17700.0
M2187	3536.7000	20936.699999975823	17400.0
M2567	537.1000	20937.099999975817	20400.0
M2364	2378.4000	21278.39999997085	18900.0
M2643	319.8000	21319.799999970248	21000.0
M2256	3320.2000	21320.199999970242	18000.0
M2605	620.6000	21320.599999970236	20700.0
M2265	3321.0000	21320.99999997023	18000.0
M2551	1425.2000	21825.199999962893	20400.0
M2514	1725.4000	21825.39999996289	20100.0
M2326	3338.8000	21938.79999996124	18600.0
M2470	3089.7000	22589.69999995177	19500.0
M2760	787.0000	22686.999999950353	21900.0
M2797	487.4000	22687.399999950347	22200.0
M2835	188.1000	22688.099999950336	22500.0
M2794	586.4000	22786.399999948906	22200.0
M2598	2086.7000	22786.6999999489	20700.0
M2732	1200.3000	22800.299999948704	21600.0
M2641	1800.9000	22800.899999948695	21000.0
M2755	914.8000	22814.799999948493	21900.0
M2793	615.0000	22814.99999994849	22200.0
M2715	1466.5000	23066.49999994483	21600.0
M2802	867.2000	23067.19999994482	22200.0
M2831	567.6000	23067.599999944814	22500.0
M2657	2520.7000	23520.69999993822	21000.0
M2785	1321.2000	23521.199999938213	22200.0
M2627	2521.6000	23521.599999938207	21000.0
M2523	3421.9000	23521.899999938203	20100.0
M2825	1022.3000	23522.299999938197	22500.0
M2911	422.6000	23522.599999938193	23100.0
M2538	3437.1000	23537.099999937982	20100.0
M2868	819.0000	23618.99999993679	22800.0
M2808	1419.6000	23619.59999993678	22200.0
M2846	1120.3000	23620.29999993677	22500.0
M2682	2320.8000	23620.799999936764	21300.0
M2867	821.3000	23621.299999936757	22800.0
M2908	919.9000	24019.899999930956	23100.0
M2619	3320.5000	24020.499999930948	20700.0
M2721	2445.1000	24045.09999993059	21600.0
M2759	2145.5000	24045.499999930584	21900.0
M2943	646.1000	24046.099999930575	23400.0
M2840	1546.4000	24046.39999993057	22500.0
M2683	2746.7000	24046.699999930566	21300.0
M2645	3047.0000	24046.999999930562	21000.0
M2758	2147.5000	24047.499999930555	21900.0
M2817	1623.4000	24123.39999992945	22500.0
M2818	1623.8000	24123.799999929444	22500.0
M2984	424.5000	24124.499999929434	23700.0
M2741	2224.9000	24124.89999992943	21900.0
M3025	132.9000	24132.899999929312	24000.0
M2689	2833.5000	24133.499999929303	21300.0
M3030	755.1000	24755.099999920258	24000.0
M2757	2855.8000	24755.799999920248	21900.0
M2698	3456.5000	24756.499999920237	21300.0
M2931	1364.9000	24764.899999920115	23400.0
M2893	1665.6000	24765.599999920105	23100.0
M3101	240.2000	24840.19999991902	24600.0
M2783	2640.5000	24840.499999919015	22200.0
M3063	541.1000	24841.099999919006	24300.0
M3139	165.4000	25065.399999915742	24900.0
M3031	1065.8000	25065.799999915736	24000.0
M3057	766.0000	25065.999999915733	24300.0
M3137	363.9000	25263.899999912854	24900.0
M2850	2764.3000	25264.299999912848	22500.0
M3099	664.6000	25264.599999912843	24600.0
M3136	499.4000	25399.399999910882	24900.0
M2770	3500.0000	25399.999999910873	21900.0
M2873	2600.7000	25400.699999910863	22800.0
M3075	1164.6000	25464.599999909933	24300.0
M2969	1765.2000	25465.199999909924	23700.0
M3093	865.4000	25465.39999990992	24600.0
M2836	2965.7000	25465.699999909917	22500.0
M2986	1956.9000	25656.899999907135	23700.0
M3021	1657.3000	25657.29999990713	24000.0
M2966	2100.5000	25800.499999905045	23700.0
M2972	2100.9000	25800.89999990504	23700.0
M3213	301.3000	25801.299999905033	25500.0
M3007	1801.8000	25801.799999905026	24000.0
M3045	1502.3000	25802.29999990502	24300.0
M3251	342.4000	26142.39999990007	25800.0
M2878	3343.0000	26142.99999990006	22800.0
M3188	1017.5000	26217.499999898977	25200.0
M2865	3418.2000	26218.199999898967	22800.0
M2885	3418.9000	26218.899999898957	22800.0
M3106	1619.2000	26219.199999898952	24600.0
M3121	1526.1000	26426.09999989594	24900.0
M2944	3043.9000	26443.899999895682	23400.0
M3097	1849.5000	26449.4999998956	24600.0
M3247	650.0000	26449.999999895594	25800.0
M3245	854.8000	26654.799999892613	25800.0
M3289	555.1000	26655.09999989261	26100.0
M3246	855.4000	26655.399999892605	25800.0
M3328	255.9000	26655.899999892597	26400.0
M2923	3556.1000	26656.099999892594	23100.0
M3212	1786.9000	27286.899999883415	25500.0
M3302	1187.3000	27287.29999988341	26100.0
M3235	1760.4000	27560.399999879435	25800.0
M3236	1760.6000	27560.599999879432	25800.0
M3054	3260.9000	27560.899999879428	24300.0
M3379	861.3000	27561.299999879422	26700.0
M3102	2961.8000	27561.799999879415	24600.0
M3056	3262.5000	27562.499999879405	24300.0
M3022	3562.9000	27562.8999998794	24000.0
M3181	2363.3000	27563.299999879393	25200.0
M3341	1163.6000	27563.59999987939	26400.0
M3273	1464.3000	27564.29999987938	26100.0
M3295	1538.9000	27638.899999878293	26100.0
M3357	939.2000	27639.19999987829	26700.0
M3317	1239.4000	27639.399999878286	26400.0
M3067	3339.6000	27639.599999878283	24300.0
M3443	340.3000	27640.299999878273	27300.0
M3050	3529.5000	27829.49999987552	24300.0
M3115	3230.0000	27829.999999875512	24600.0
M3060	3530.5000	27830.499999875505	24300.0
M3059	3531.2000	27831.199999875495	24300.0
M3091	3321.9000	27921.899999874175	24600.0
M3481	322.2000	27922.19999987417	27600.0
M3378	1499.7000	28199.699999870132	26700.0
M3131	3299.9000	28199.89999987013	24900.0
M3340	1800.3000	28200.299999870123	26400.0
M3297	2100.8000	28200.799999870116	26100.0
M3517	301.5000	28201.499999870106	27900.0
M3387	2080.9000	29080.89999985731	27000.0
M3425	1781.6000	29081.5999998573	27300.0
M3463	1481.9000	29081.899999857294	27600.0
M3601	937.7000	29437.699999852117	28500.0
M3595	938.3000	29438.299999852108	28500.0
M3633	638.5000	29438.499999852105	28800.0
M3671	338.7000	29438.699999852102	29100.0
M3291	3479.0000	29578.99999985006	26100.0
M3502	1679.2000	29579.199999850058	27900.0
M3708	260.1000	29660.09999984888	29400.0
M3403	2660.7000	29660.69999984887	27000.0
M3454	2360.9000	29660.89999984887	27300.0
M3331	3261.4000	29661.39999984886	26400.0
M3466	2130.1000	29730.099999847862	27600.0
M3539	1530.7000	29730.699999847853	28200.0
M3599	1341.0000	29840.999999846248	28500.0
M3359	3141.5000	29841.49999984624	26700.0
M3709	442.2000	29842.19999984623	29400.0
M3747	142.7000	29842.699999846223	29700.0
M3553	1815.8000	30015.799999843704	28200.0
M3600	1516.1000	30016.0999998437	28500.0
M3554	1816.8000	30016.79999984369	28200.0
M3518	2117.0000	30016.999999843687	27900.0
M3489	2578.6000	30178.599999841335	27600.0
M3435	2879.1000	30179.099999841328	27300.0
M3398	3179.6000	30179.59999984132	27000.0
M3621	1380.1000	30180.099999841314	28800.0
M3779	711.7000	30711.699999833578	30000.0
M3545	2512.3000	30712.29999983357	28200.0
M3498	2812.5000	30712.499999833566	27900.0
M3777	712.7000	30712.699999833563	30000.0
M3860	113.1000	30713.099999833557	30600.0
M3778	713.3000	30713.299999833554	30000.0
M3507	2813.7000	30713.69999983355	27900.0
M3431	3414.0000	30713.999999833544	27300.0
M3675	1943.3000	31043.299999828752	29100.0
M3656	1943.8000	31043.799999828745	29100.0
M3548	2844.4000	31044.399999828736	28200.0
M3751	1345.1000	31045.099999828726	29700.0
M3713	1645.4000	31045.39999982872	29400.0
M3824	745.8000	31045.799999828716	30300.0
M3729	1526.8000	31226.799999826082	29700.0
M3815	927.5000	31227.499999826072	30300.0
M3519	3327.9000	31227.899999826066	27900.0
M3549	3028.1000	31228.099999826063	28200.0
M3858	628.5000	31228.499999826057	30600.0
M3835	1064.6000	31364.599999824077	30300.0
M3759	1664.8000	31364.799999824074	29700.0
M3797	1365.4000	31365.399999824065	30000.0
M3853	792.3000	31392.299999823674	30600.0
M3896	492.9000	31392.899999823665	30900.0
M3793	1393.2000	31393.19999982366	30000.0
M3789	1471.5000	31471.49999982252	30000.0
M3569	3272.0000	31471.999999822514	28200.0
M3546	3415.8000	31615.79999982042	28200.0
M3587	3124.4000	31624.399999820296	28500.0
M3679	2524.7000	31624.699999820292	29100.0
M3653	2524.9000	31624.89999982029	29100.0
M3691	2225.4000	31625.39999982028	29400.0
M3629	2935.5000	31735.49999981868	28800.0
M3591	3235.8000	31735.799999818675	28500.0
M3849	1278.8000	31878.799999816594	30600.0
M3975	654.9000	32154.899999812576	31500.0
M3664	3055.3000	32155.29999981257	29100.0
M3811	1855.8000	32155.799999812563	30300.0
M3768	2156.0000	32155.99999981256	30000.0
M4013	356.3000	32156.299999812556	31800.0
M4051	192.4000	32292.399999810576	32100.0
M3692	2893.1000	32293.099999810565	29400.0
M3948	1093.8000	32293.799999810555	31200.0
M4009	760.1000	32560.09999980668	31800.0
M3933	1360.7000	32560.69999980667	31200.0
M3818	2261.0000	32560.999999806667	30300.0
M4049	461.5000	32561.49999980666	32100.0
M3910	1661.7000	32561.699999806657	30900.0
M4011	762.4000	32562.399999806647	31800.0
M3668	3493.5000	32593.499999806194	29100.0
M3857	1993.9000	32593.899999806188	30600.0
M3895	1694.1000	32594.099999806185	30900.0
M3986	1094.3000	32594.299999806182	31500.0
M4089	195.0000	32594.999999806172	32400.0
M3903	2103.2000	33003.199999800236	30900.0
M4063	903.9000	33003.899999800225	32100.0
M3767	3004.5000	33004.49999980022	30000.0
M3865	2404.8000	33004.79999980021	30600.0
M3819	2705.3000	33005.299999800205	30300.0
M3748	3507.6000	33207.59999979726	29700.0
M3922	2008.1000	33208.099999797254	31200.0
M3995	1408.8000	33208.799999797244	31800.0
M3943	2220.7000	33420.69999979416	31200.0
M3820	3121.0000	33420.999999794156	30300.0
M3981	1921.7000	33421.699999794146	31500.0
M4006	1622.3000	33422.29999979414	31800.0
M4024	1622.6000	33422.59999979413	31800.0
M3923	2589.7000	33789.69999978879	31200.0
M4115	1090.3000	33790.29999978878	32700.0
M4241	190.9000	33790.89999978877	33600.0
M3823	3536.5000	33836.49999978811	30300.0
M4162	836.7000	33836.69999978811	33000.0
M3808	3536.9000	33836.899999788104	30300.0
M4200	537.1000	33837.0999997881	33300.0
M3887	2937.3000	33837.2999997881	30900.0
M3925	2637.8000	33837.79999978809	31200.0
M3859	3533.8000	34133.79999978378	30600.0
M4109	1434.0000	34133.99999978378	32700.0
M4169	1310.3000	34310.299999781215	33000.0
M3962	2811.0000	34310.999999781205	31500.0
M3982	2811.7000	34311.699999781194	31500.0
M4059	2212.1000	34312.09999978119	32100.0
M3961	2870.0000	34369.999999780346	31500.0
M3919	3170.4000	34370.39999978034	31200.0
M4193	1071.0000	34370.99999978033	33300.0
M4033	2271.6000	34371.59999978032	32100.0
M4021	2572.1000	34372.099999780316	31800.0
M4041	2314.9000	34414.89999977969	32100.0
M3935	3215.5000	34415.499999779684	31200.0
M4317	237.4000	34437.399999779365	34200.0
M4214	1137.7000	34437.69999977936	33300.0
M3924	3277.6000	34477.59999977878	31200.0
M4017	2680.6000	34480.59999977874	31800.0
M3929	3281.2000	34481.19999977873	31200.0
M4074	2081.5000	34481.49999977872	32400.0
M3953	2981.9000	34481.89999977872	31500.0
M4285	872.3000	34772.29999977449	33900.0
M4100	2372.7000	34772.699999774486	32400.0
M4010	3294.7000	35094.6999997698	31800.0
M4393	294.9000	35094.8999997698	34800.0
M4035	3197.3000	35297.29999976685	32100.0
M4287	1398.0000	35297.99999976684	33900.0
M4142	2598.2000	35298.19999976684	32700.0
M4347	798.7000	35298.69999976683	34500.0
M4052	3199.4000	35299.39999976682	32100.0
M4038	3240.1000	35340.09999976623	32100.0
M4431	240.6000	35340.59999976622	35100.0
M4305	1140.9000	35340.89999976622	34200.0
M4014	3576.3000	35376.2999997657	31800.0
M4147	2376.9000	35376.899999765694	33000.0
M4148	2377.6000	35377.59999976568	33000.0
M4110	2677.9000	35377.89999976568	32700.0
M4119	3029.9000	35729.89999976056	32700.0
M4125	3030.6000	35730.59999976055	32700.0
M4164	2731.0000	35730.99999976054	33000.0
M4404	1161.4000	35961.39999975719	34800.0
M4240	2362.1000	35962.09999975718	33600.0
M4469	562.8000	35962.79999975717	35400.0
M4507	263.2000	35963.19999975716	35700.0
M4437	863.4000	35963.39999975716	35100.0
M4276	2063.7000	35963.699999757155	33900.0
M4267	2428.0000	36327.99999975185	33900.0
M4337	1828.5000	36328.499999751846	34500.0
M4375	1529.0000	36328.99999975184	34800.0
M4500	744.4000	36444.39999975016	35700.0
M4163	3444.7000	36444.699999750155	33000.0
M4542	445.1000	36445.09999975015	36000.0
M4242	2845.7000	36445.69999975014	33600.0
M4294	2601.5000	36501.49999974933	33900.0
M4354	2001.7000	36501.699999749326	34500.0
M4545	502.3000	36502.29999974932	36000.0
M4157	3502.6000	36502.59999974931	33000.0
M4583	203.1000	36503.099999749305	36300.0
M4355	2506.5000	37006.49999974198	34500.0
M4301	2806.7000	37006.69999974198	34200.0
M4232	3418.7000	37018.6999997418	33600.0
M4621	419.1000	37019.0999997418	36600.0
M4427	1919.3000	37019.299999741794	35100.0
M4428	1919.9000	37019.899999741785	35100.0
M4390	2220.5000	37020.499999741776	34800.0
M4392	2221.2000	37021.199999741766	34800.0
M4239	3497.2000	37097.19999974066	33600.0
M4552	1097.8000	37097.79999974065	36000.0
M4280	3198.0000	37097.99999974065	33900.0
M4618	498.7000	37098.69999974064	36600.0
M4359	2599.2000	37099.19999974063	34500.0
M4589	800.3000	37100.299999740615	36300.0
M4659	201.0000	37100.999999740605	36900.0
M4381	2489.8000	37289.79999973786	34800.0
M4321	3090.3000	37290.29999973785	34200.0
M4279	3390.9000	37290.89999973784	33900.0
M4696	91.3000	37291.299999737836	37200.0
M4633	692.0000	37291.999999737825	36600.0
M4278	3392.4000	37292.39999973782	33900.0
M4490	1593.1000	37293.09999973781	35700.0
M4587	1303.0000	37602.9999997333	36300.0
M4451	2203.7000	37603.69999973329	35400.0
M4417	2504.2000	37604.19999973328	35100.0
M4351	3257.1000	37757.09999973106	34500.0
M4350	3257.6000	37757.59999973105	34500.0
M4394	2979.8000	37779.79999973073	34800.0
M4694	580.1000	37780.09999973072	37200.0
M4651	880.8000	37780.79999973071	36900.0
M4565	1481.4000	37781.399999730704	36300.0
M4530	1877.8000	37877.7999997293	36000.0
M4733	378.3000	37878.29999972929	37500.0
M4773	383.1000	38183.09999972486	37800.0
M4735	683.6000	38183.59999972485	37500.0
M4736	684.2000	38184.19999972484	37500.0
M4663	1284.8000	38184.79999972483	36900.0
M4544	2363.0000	38362.99999972224	36000.0
M4580	2063.3000	38363.299999722236	36300.0
M4811	263.7000	38363.69999972223	38100.0
M4708	1164.0000	38363.999999722226	37200.0
M4467	3126.7000	38526.69999971986	35400.0
M4505	2827.3000	38527.29999971985	35700.0
M4848	127.6000	38527.599999719845	38400.0
M4620	2120.1000	38720.099999717044	36600.0
M4571	2689.6000	38989.59999971312	36300.0
M4717	1490.3000	38990.29999971311	37500.0
M4781	1190.9000	38990.8999997131	37800.0
M4546	2991.5000	38991.499999713094	36000.0
M4817	1049.1000	39149.0999997108	38100.0
M4740	1649.7000	39149.69999971079	37500.0
M4665	2250.1000	39150.09999971079	36900.0
M4497	3450.7000	39150.69999971078	35700.0
M4731	1773.4000	39273.39999970899	37500.0
M4598	2974.1000	39274.09999970898	36300.0
M4529	3274.5000	39274.499999708976	36000.0
M4855	875.0000	39274.99999970897	38400.0
M4693	2075.5000	39275.49999970896	37200.0
M4607	3228.9000	39828.89999970091	36600.0
M4793	1729.6000	39829.5999997009	38100.0
M4831	1430.1000	39830.09999970089	38400.0
M4614	3230.7000	39830.69999970088	36600.0
M4685	2633.8000	39833.79999970084	37200.0
M4847	1434.0000	39833.999999700834	38400.0
M5001	312.0000	39911.9999996997	39600.0
M4755	2112.4000	39912.39999969969	37800.0
M4603	3313.0000	39912.999999699685	36600.0
M4963	613.6000	39913.599999699676	39300.0
M4609	3521.7000	40121.69999969665	36600.0
M4880	1422.1000	40122.09999969664	38700.0
M4843	1722.5000	40122.499999696636	38400.0
M4958	1213.0000	40512.999999690954	39300.0
M4920	1513.3000	40513.29999969095	39000.0
M4884	1813.9000	40513.89999969094	38700.0
M5007	914.3000	40514.299999690935	39600.0
M4883	1814.5000	40514.49999969093	38700.0
M4697	3430.4000	40630.399999689245	37200.0
M5075	431.0000	40630.99999968924	40200.0
M4853	2445.7000	40845.69999968611	38400.0
M4769	3046.0000	40845.99999968611	37800.0
M4786	3046.7000	40846.6999996861	37800.0
M4945	1547.0000	40846.99999968609	39300.0
M5069	815.4000	41015.39999968364	40200.0
M4734	3515.9000	41015.899999683636	37500.0
M4778	3216.2000	41016.19999968363	37800.0
M5036	1116.6000	41016.599999683625	39900.0
M4728	3536.9000	41036.89999968333	37500.0
M4959	1748.4000	41048.39999968316	39300.0
M5039	1148.6000	41048.59999968316	39900.0
M5077	848.8000	41048.79999968316	40200.0
M4923	2049.3000	41049.29999968315	39000.0
M5153	249.5000	41049.49999968315	40800.0
M5115	549.9000	41049.89999968314	40500.0
M4784	3262.9000	41062.89999968295	37800.0
M5012	1464.7000	41064.699999682925	39600.0
M4915	2065.0000	41064.99999968292	39000.0
M5112	565.2000	41065.19999968292	40500.0
M5111	565.6000	41065.59999968291	40500.0
M5073	866.2000	41066.1999996829	40200.0
M4957	1766.4000	41066.3999996829	39300.0
M5151	266.7000	41066.699999682896	40800.0
M4809	2967.1000	41067.09999968289	38100.0
M4983	1613.2000	41213.199999680764	39600.0
M4871	2513.5000	41213.49999968076	38700.0
M5089	1013.9000	41213.899999680754	40200.0
M5150	414.1000	41214.09999968075	40800.0
M4804	3529.4000	41629.39999967471	38100.0
M5145	829.6000	41629.599999674705	40800.0
M4875	2930.1000	41630.0999996747	38700.0
M4833	3230.3000	41630.299999674695	38400.0
M4913	2630.9000	41630.899999674686	39000.0
M5021	1731.3000	41631.29999967468	39900.0
M5022	1731.9000	41631.89999967467	39900.0
M4967	2518.1000	41818.09999967196	39300.0
M4939	2818.7000	41818.69999967195	39000.0
M4891	3119.1000	41819.09999967195	38700.0
M5184	719.5000	41819.49999967194	41100.0
M5060	1620.0000	41819.999999671934	40200.0
M4849	3420.5000	41820.49999967193	38400.0
M5165	1020.9000	41820.89999967192	40800.0
M4929	2821.4000	41821.399999671914	39000.0
M4844	3421.7000	41821.69999967191	38400.0
M5267	185.6000	41885.59999967098	41700.0
M4937	2972.0000	41971.99999966972	39000.0
M5260	741.5000	42441.49999966289	41700.0
M5027	2542.2000	42442.19999966288	39900.0
M5241	1042.8000	42442.79999966287	41400.0
M5302	443.2000	42443.199999662866	42000.0
M4922	3449.1000	42449.09999966278	39000.0
M5059	2249.7000	42449.69999966277	40200.0
M5196	1492.1000	42592.0999996607	41100.0
M5381	146.4000	42746.39999965845	42600.0
M5271	1046.8000	42746.79999965845	41700.0
M5108	2531.8000	43031.7999996543	40500.0
M5110	2532.3000	43032.29999965429	40500.0
M5159	2233.0000	43032.99999965428	40800.0
M5419	133.7000	43033.69999965427	42900.0
M5190	2111.2000	43211.19999965169	41100.0
M5311	1211.9000	43211.89999965168	42000.0
M5349	912.4000	43212.39999965167	42300.0
M5219	1813.0000	43212.99999965166	41400.0
M5137	3368.1000	44168.099999637765	40800.0
M5493	668.5000	44168.49999963776	43500.0
M5531	369.0000	44168.99999963775	43800.0
M5363	1615.5000	44215.499999637075	42600.0
M5364	1615.9000	44215.89999963707	42600.0
M5202	3116.2000	44216.199999637065	41100.0
M5570	116.9000	44216.899999637055	44100.0
M5205	3376.2000	44476.19999963328	41100.0
M5230	3076.5000	44476.49999963328	41400.0
M5293	2477.2000	44477.19999963327	42000.0
M5507	977.4000	44477.399999633264	43500.0
M5375	2070.9000	44670.89999963045	42600.0
M5569	571.1000	44671.099999630445	44100.0
M5265	2971.7000	44671.69999963044	41700.0
M5379	2125.2000	44725.19999962966	42600.0
M5571	625.7000	44725.69999962965	44100.0
M5380	2126.1000	44726.099999629645	42600.0
M5495	1226.5000	44726.49999962964	43500.0
M5341	2426.9000	44726.89999962963	42300.0
M5533	927.1000	44727.09999962963	43800.0
M5609	327.4000	44727.399999629626	44400.0
M5297	3262.9000	45262.89999962183	42000.0
M5461	2063.4000	45263.399999621826	43200.0
M5367	2663.8000	45263.79999962182	42600.0
M5537	1464.0000	45263.99999962182	43800.0
M5499	1764.6000	45264.59999962181	43500.0
M5621	951.2000	45351.19999962055	44400.0
M5335	3051.8000	45351.79999962054	42300.0
M5317	3352.1000	45352.099999620536	42000.0
M5644	652.6000	45352.59999962053	44700.0
M5500	1860.4000	45360.399999620415	43500.0
M5538	1561.0000	45360.999999620406	43800.0
M5462	2161.7000	45361.699999620396	43200.0
M5371	2761.9000	45361.89999962039	42600.0
M5427	2985.0000	45884.99999961278	42900.0
M5465	2685.4000	45885.399999612775	43200.0
M5761	285.8000	45885.79999961277	45600.0
M5614	1614.0000	46013.9999996109	44400.0
M5696	1014.3000	46014.2999996109	45000.0
M5392	3414.9000	46014.89999961089	42600.0
M5679	1015.2000	46015.199999610886	45000.0
M5718	715.7000	46015.69999961088	45300.0
M5567	1915.9000	46015.899999610876	44100.0
M5680	1016.6000	46016.599999610866	45000.0
M5728	880.5000	46180.49999960848	45300.0
M5527	2380.8000	46180.799999608476	43800.0
M5642	1925.5000	46625.499999602005	44700.0
M5834	425.9000	46625.899999602	46200.0
M5751	1036.6000	46636.59999960184	45600.0
M5875	136.9000	46636.89999960184	46500.0
M5553	2537.5000	46637.49999960183	44100.0
M5591	2237.9000	46637.899999601825	44400.0
M5446	3438.5000	46638.499999601816	43200.0
M5713	1338.7000	46638.69999960181	45300.0
M5458	3439.2000	46639.199999601806	43200.0
M5592	2239.9000	46639.899999601796	44400.0
M5443	3469.1000	46669.09999960137	43200.0
M5727	1369.5000	46669.499999601365	45300.0
M5456	3469.9000	46669.89999960136	43200.0
M5492	3170.5000	46670.49999960135	43500.0
M5435	3515.4000	46715.3999996007	43200.0
M5800	835.1000	46735.09999960041	45900.0
M5557	2635.3000	46735.29999960041	44100.0
M5525	2935.9000	46735.8999996004	43800.0
M5488	3236.1000	46736.099999600396	43500.0
M5482	3236.7000	46736.69999960039	43500.0
M5510	3239.6000	46739.599999600345	43500.0
M5791	839.8000	46739.79999960034	45900.0
M5705	1440.1000	46740.09999960034	45300.0
M5646	2208.6000	46908.599999597885	44700.0
M5810	1009.2000	46909.19999959788	45900.0
M5690	1909.6000	46909.59999959787	45000.0
M5759	1815.9000	47415.8999995905	45600.0
M5721	2116.4000	47416.399999590496	45300.0
M5919	645.6000	47445.59999959007	46800.0
M5624	3046.1000	47446.099999590064	44400.0
M5789	2407.9000	48307.89999957752	45900.0
M6024	608.5000	48308.499999577514	47700.0
M5682	3308.9000	48308.89999957751	45000.0
M6063	309.5000	48309.4999995775	48000.0
M5831	2110.0000	48309.99999957749	46200.0
M5793	2410.7000	48310.69999957748	45900.0
M5895	1553.5000	48353.49999957686	46800.0
M5720	3053.8000	48353.799999576855	45300.0
M5762	2754.1000	48354.09999957685	45600.0
M5896	1554.7000	48354.69999957684	46800.0
M5933	1538.8000	48638.79999957271	47100.0
M6101	339.2000	48639.1999995727	48300.0
M5717	3339.5000	48639.4999995727	45300.0
M6039	939.9000	48639.89999957269	47700.0
M5752	3443.3000	49043.29999956682	45600.0
M5850	2843.9000	49043.89999956681	46200.0
M6100	789.0000	49088.99999956616	48300.0
M5971	1689.5000	49089.49999956615	47400.0
M6077	1089.8000	49089.799999566145	48000.0
M6139	490.1000	49090.09999956614	48600.0
M6138	490.4000	49090.399999566136	48600.0
M6177	378.3000	49278.2999995634	48900.0
M5792	3379.0000	49278.99999956339	45900.0
M6216	79.5000	49279.499999563384	49200.0
M5913	2533.3000	49333.2999995626	46800.0
M5830	3133.6000	49333.5999995626	46200.0
M6179	589.8000	49489.799999560324	48900.0
M6141	890.0000	49489.99999956032	48600.0
M6217	290.6000	49490.59999956031	49200.0
M6103	1190.8000	49490.79999956031	48300.0
M6025	1791.3000	49491.2999995603	47700.0
M6215	306.9000	49506.899999560075	49200.0
M5867	3044.2000	49544.19999955953	46500.0
M5899	2744.9000	49544.89999955952	46800.0
M6131	945.1000	49545.09999955952	48600.0
M5868	3045.5000	49545.49999955951	46500.0
M5938	2506.2000	49606.19999955863	47100.0
M6152	1006.5000	49606.499999558626	48600.0
M6145	1485.0000	50084.99999955166	48600.0
M6255	585.3000	50085.29999955166	49500.0
M6293	285.6000	50085.599999551654	49800.0
M6180	1290.9000	50190.89999955012	48900.0
M5898	3391.1000	50191.09999955012	46800.0
M5955	3091.6000	50191.59999955011	47100.0
M5981	3026.7000	50426.69999954669	47400.0
M6331	326.9000	50426.89999954669	50100.0
M5976	3027.1000	50427.099999546685	47400.0
M6184	1748.0000	50647.99999954347	48900.0
M6223	1448.4000	50648.399999543464	49200.0
M6369	248.9000	50648.89999954346	50400.0
M6261	1149.2000	50649.19999954345	49500.0
M5995	3249.8000	50649.799999543444	47400.0
M6299	850.3000	50650.29999954344	49800.0
M6051	2679.2000	50679.199999543016	48000.0
M5982	3279.5000	50679.49999954301	47400.0
M6019	2979.8000	50679.79999954301	47700.0
M6022	3543.9000	51243.8999995348	47700.0
M6065	3496.5000	51496.49999953112	48000.0
M6062	3497.2000	51497.19999953111	48000.0
M6109	3197.5000	51497.49999953111	48300.0
M6399	798.1000	51498.0999995311	50700.0
M6413	867.0000	51566.9999995301	50700.0
M6254	2067.4000	51567.39999953009	49500.0
M6445	567.7000	51567.69999953009	51000.0
M6483	268.3000	51568.29999953008	51300.0
M6323	1468.7000	51568.69999953007	50100.0
M6142	3019.6000	51619.59999952933	48600.0
M6481	320.3000	51620.29999952932	51300.0
M6313	1520.8000	51620.799999529314	50100.0
M6253	2217.7000	51717.699999527904	49500.0
M6291	1918.3000	51718.299999527895	49800.0
M6307	1919.0000	51718.999999527885	49800.0
M6451	719.6000	51719.599999527876	51000.0
M6351	1741.8000	52141.79999952173	50400.0
M6146	3542.2000	52142.19999952173	48600.0
M6259	2642.6000	52142.59999952172	49500.0
M6301	2516.2000	52316.199999519195	49800.0
M6170	3416.5000	52316.49999951919	48900.0
M6218	3117.0000	52316.99999951918	49200.0
M6513	717.2000	52317.19999951918	51600.0
M6304	2517.8000	52317.79999951917	49800.0
M6556	681.7000	52581.69999951533	51900.0
M6321	2482.3000	52582.29999951532	50100.0
M6335	2482.6000	52582.59999951532	50100.0
M6634	82.9000	52582.89999951531	52500.0
M6456	1583.4000	52583.399999515306	51000.0
M6595	395.0000	52594.99999951514	52200.0
M6294	2795.7000	52595.69999951513	49800.0
M6557	696.1000	52596.09999951512	51900.0
M6533	1000.0000	52599.999999515065	51600.0
M6495	1300.6000	52600.599999515056	51300.0
M6491	1301.1000	52601.09999951505	51300.0
M6389	2353.8000	53053.79999950846	50700.0
M6430	2054.1000	53054.09999950846	51000.0
M6392	2354.7000	53054.69999950845	50700.0
M6673	255.1000	53055.09999950844	52800.0
M6285	3255.4000	53055.39999950844	49800.0
M6711	145.5000	53245.49999950567	53100.0
M6427	2246.2000	53246.19999950566	51000.0
M6415	2546.5000	53246.49999950566	50700.0
M6332	3531.3000	53631.29999950006	50100.0
M6324	3531.7000	53631.69999950005	50100.0
M6623	1192.9000	53692.89999949916	52500.0
M6585	1493.4000	53693.39999949915	52200.0
M6547	1793.8000	53693.79999949915	51900.0
M6787	245.5000	53945.499999495485	53700.0
M6431	2946.2000	53946.199999495475	51000.0
M6639	1446.7000	53946.69999949547	52500.0
M6712	847.2000	53947.19999949546	53100.0
M6400	3247.8000	53947.79999949545	50700.0
M6544	2117.4000	54017.39999949444	51900.0
M6446	3017.9000	54017.89999949443	51000.0
M6420	3318.5000	54018.49999949442	50700.0
M6422	3318.8000	54018.79999949442	50700.0
M6407	3515.0000	54214.99999949156	50700.0
M6617	1715.7000	54215.69999949155	52500.0
M6475	3025.9000	54325.89999948995	51300.0
M6715	1226.6000	54326.59999948994	53100.0
M6677	1527.3000	54327.29999948993	52800.0
M6620	1827.5000	54327.499999489926	52500.0
M6630	2067.5000	54567.499999486434	52500.0
M6519	2967.7000	54567.69999948643	51600.0
M6480	3268.2000	54568.19999948642	51300.0
M6570	2880.9000	54780.89999948333	51900.0
M6488	3481.3000	54781.29999948332	51300.0
M6478	3481.5000	54781.49999948332	51300.0
M6754	1381.8000	54781.799999483315	53400.0
M6672	1982.3000	54782.29999948331	52800.0
M6901	182.5000	54782.499999483305	54600.0
M6515	3482.9000	55082.899999478934	51600.0
M6900	483.4000	55083.39999947893	54600.0
M6520	3483.7000	55083.69999947892	51600.0
M6696	1984.2000	55084.199999478915	53100.0
M6938	184.6000	55084.59999947891	54900.0
M6869	1051.6000	55351.599999475024	54300.0
M6977	152.1000	55352.09999947502	55200.0
M6939	452.4000	55352.39999947501	54900.0
M6907	752.7000	55352.69999947501	54600.0
M7015	240.4000	55740.399999469366	55500.0
M6912	1140.9000	55740.89999946936	54600.0
M6684	2941.1000	55741.099999469356	52800.0
M6743	2474.1000	55874.09999946742	53400.0
M6971	674.7000	55874.69999946741	55200.0
M6694	2775.3000	55875.2999994674	53100.0
M6646	3411.2000	55911.19999946688	52500.0
M6681	3111.5000	55911.499999466876	52800.0
M6633	3411.7000	55911.69999946687	52500.0
M6665	3111.9000	55911.89999946687	52800.0
M6753	2512.3000	55912.299999466864	53400.0
M7051	346.5000	56146.499999463456	55800.0
M6831	2147.2000	56147.199999463446	54000.0
M7014	647.5000	56147.49999946344	55500.0
M7052	347.8000	56147.79999946344	55800.0
M6819	2148.4000	56148.39999946343	54000.0
M6791	2520.9000	56220.899999462374	53700.0
M6921	1510.6000	56410.59999945961	54900.0
M6810	2411.2000	56411.199999459604	54000.0
M6848	2111.5000	56411.4999994596	54300.0
M6734	3012.2000	56412.19999945959	53400.0
M7007	912.8000	56412.79999945958	55500.0
M7050	613.2000	56413.199999459575	55800.0
M7089	313.5000	56413.49999945957	56100.0
M7127	280.5000	56680.499999455686	56400.0
M7065	880.9000	56680.89999945568	55800.0
M6775	2981.4000	56681.39999945567	53700.0
M6959	1481.9000	56681.899999455665	55200.0
M6813	2682.3000	56682.29999945566	54000.0
M7027	1183.0000	56682.99999945565	55500.0
M6746	3418.8000	56818.79999945367	53400.0
M6779	3119.1000	56819.09999945367	53700.0
M7092	719.6000	56819.59999945366	56100.0
M6883	2220.1000	56820.099999453654	54600.0
M6951	2066.8000	56966.79999945152	54900.0
M7167	267.1000	56967.099999451515	56700.0
M6997	1588.6000	57088.59999944975	55500.0
M6816	3088.9000	57088.89999944974	54000.0
M7126	942.8000	57342.79999944605	56400.0
M7164	643.2000	57343.19999944604	56700.0
M7203	343.6000	57343.599999446036	57000.0
M7165	643.9000	57343.89999944603	56700.0
M7079	1339.5000	57439.49999944464	56100.0
M7058	1721.6000	57521.599999443446	55800.0
M7205	522.2000	57522.19999944344	57000.0
M7243	222.8000	57522.79999944343	57300.0
M7012	2023.0000	57522.999999443426	55500.0
M7206	765.9000	57765.89999943989	57000.0
M7117	1366.5000	57766.49999943988	56400.0
M7281	166.7000	57766.69999943988	57600.0
M6937	3071.0000	57970.99999943691	54900.0
M7023	2471.7000	57971.699999436896	55500.0
M6899	3372.4000	57972.399999436886	54600.0
M7278	372.7000	57972.69999943688	57600.0
M7054	2173.0000	57972.99999943688	55800.0
M6940	3123.8000	58023.79999943614	54900.0
M7019	2524.5000	58024.49999943613	55500.0
M7133	2541.0000	58940.99999942279	56400.0
M7149	2241.2000	58941.19999942279	56700.0
M7225	1641.6000	58941.59999942278	57300.0
M7047	3142.2000	58942.19999942277	55800.0
M7393	442.7000	58942.699999422766	58500.0
M7251	1643.0000	58942.99999942276	57300.0
M7123	2889.6000	59289.59999941772	56400.0
M7433	490.0000	59289.99999941771	58800.0
M7395	790.5000	59290.499999417705	58500.0
M7471	191.2000	59291.199999417695	59100.0
M7389	791.6000	59291.59999941769	58500.0
M7277	1692.2000	59292.19999941768	57600.0
M7181	2652.5000	59352.4999994168	56700.0
M7301	1453.0000	59352.999999416796	57900.0
M7067	3553.3000	59353.29999941679	55800.0
M7087	3253.7000	59353.699999416785	56100.0
M7430	638.2000	59438.199999415556	58800.0
M7091	3338.8000	59438.79999941555	56100.0
M7469	339.5000	59439.49999941554	59100.0
M7280	2131.0000	59730.999999411295	57600.0
M7509	331.6000	59731.599999411286	59400.0
M7330	2108.6000	60008.599999407255	57900.0
M7160	3309.1000	60009.09999940725	56700.0
M7354	1866.7000	60066.69999940641	58200.0
M7316	2167.0000	60066.999999406406	57900.0
M7482	967.4000	60067.3999994064	59100.0
M7266	2467.8000	60067.799999406394	57600.0
M7200	3358.6000	60358.59999940216	57000.0
M7544	659.1000	60359.099999402155	59700.0
M7309	2459.4000	60359.39999940215	57900.0
M7318	2460.0000	60359.99999940214	57900.0
M7543	660.4000	60360.399999402136	59700.0
M7415	1592.0000	60391.999999401676	58800.0
M7196	3392.4000	60392.39999940167	57000.0
M7356	2192.6000	60392.59999940167	58200.0
M7311	2800.2000	60700.19999939719	57900.0
M7586	700.8000	60700.79999939718	60000.0
M7293	3166.4000	60766.39999939623	57600.0
M7497	1366.9000	60766.89999939622	59400.0
M7255	3467.1000	60767.09999939622	57300.0
M7661	198.8000	60798.79999939576	60600.0
M7304	2899.4000	60799.39999939575	57900.0
M7240	3499.6000	60799.599999395745	57300.0
M7621	509.9000	60809.899999395595	60300.0
M7361	2610.1000	60810.09999939559	58200.0
M7620	510.4000	60810.39999939559	60300.0
M7238	3510.8000	60810.79999939558	57300.0
M7388	2765.0000	61264.99999938897	58500.0
M7418	2465.6000	61265.59999938896	58800.0
M7567	1266.0000	61265.99999938896	60000.0
M7456	2166.5000	61266.49999938895	59100.0
M7358	3066.9000	61266.899999388945	58200.0
M7421	2467.2000	61267.19999938894	58800.0
M7313	3367.9000	61267.89999938893	57900.0
M7696	368.4000	61268.39999938892	60900.0
M7392	2768.9000	61268.899999388916	58500.0
M7494	1869.2000	61269.19999938891	59400.0
M7396	2769.5000	61269.49999938891	58500.0
M7461	2261.7000	61361.699999387565	59100.0
M7300	3462.1000	61362.09999938756	57900.0
M7515	1962.7000	61362.69999938755	59400.0
M7596	1363.0000	61362.999999387546	60000.0
M7529	1689.1000	61389.09999938717	59700.0
M7653	819.4000	61419.399999386726	60600.0
M7317	3519.8000	61419.79999938672	57900.0
M7319	3520.1000	61420.099999386715	57900.0
M7349	3333.3000	61533.29999938507	58200.0
M7419	2733.9000	61533.89999938506	58800.0
M7355	3334.5000	61534.49999938505	58200.0
M7627	1242.8000	61542.79999938493	60300.0
M7387	3098.0000	61597.99999938413	58500.0
M7479	2498.5000	61598.49999938412	59100.0
M7492	2198.8000	61598.799999384115	59400.0
M7711	1004.2000	61904.19999937967	60900.0
M7399	3404.6000	61904.599999379665	58500.0
M7769	814.3000	62314.2999993737	61500.0
M7781	814.6000	62314.5999993737	61500.0
M7666	1745.2000	62345.19999937325	60600.0
M7619	2045.7000	62345.699999373246	60300.0
M7851	246.3000	62346.29999937324	62100.0
M7757	1478.1000	62978.09999936404	61500.0
M7843	878.6000	62978.599999364036	62100.0
M7698	2078.8000	62978.79999936403	60900.0
M7719	1779.0000	62978.99999936403	61200.0
M7743	1949.0000	63148.99999936156	61200.0
M7925	449.4000	63149.39999936155	62700.0
M7901	950.9000	63350.89999935862	62400.0
M7795	1551.3000	63351.29999935861	61800.0
M7962	627.9000	63627.89999935459	63000.0
M7833	1528.5000	63628.49999935458	62100.0
M8001	328.7000	63628.699999354576	63300.0
M7939	990.5000	63690.49999935368	62700.0
M7634	3524.8000	63824.79999935172	60300.0
M7605	3525.2000	63825.19999935172	60300.0
M7845	1725.8000	63825.79999935171	62100.0
M7646	3447.3000	64047.299999348485	60600.0
M7811	2247.9000	64047.899999348476	61800.0
M7659	3448.2000	64048.19999934847	60600.0
M7657	3448.9000	64048.89999934846	60600.0
M8079	149.1000	64049.09999934846	63900.0
M7885	1649.7000	64049.69999934845	62400.0
M7651	3450.0000	64049.999999348445	60600.0
M8041	450.3000	64050.29999934844	63600.0
M7848	1950.6000	64050.59999934844	62100.0
M7849	1951.3000	64051.299999348426	62100.0
M8077	298.4000	64198.399999346286	63900.0
M7871	1798.9000	64198.89999934628	62400.0
M7996	899.4000	64199.39999934627	63300.0
M7909	1499.7000	64199.69999934627	62700.0
M7767	2988.8000	64488.79999934206	61500.0
M7924	1809.9000	64509.89999934175	62700.0
M8073	610.4000	64510.399999341746	63900.0
M7970	1569.7000	64569.69999934088	63000.0
M8047	969.9000	64569.89999934088	63600.0
M7887	2170.5000	64570.49999934087	62400.0
M8114	487.0000	64686.999999339176	64200.0
M7947	1687.5000	64687.49999933917	63000.0
M7910	1987.7000	64687.699999339166	62700.0
M7872	2288.0000	64687.99999933916	62400.0
M7948	1688.4000	64688.399999339155	63000.0
M7783	3188.7000	64688.69999933915	61500.0
M8155	266.2000	64766.19999933802	64500.0
M8029	1166.7000	64766.699999338016	63600.0
M8007	1467.2000	64767.19999933801	63300.0
