# messageDelay  cumulativeProbability
79.5000 0.0001
82.9000 0.0002
91.3000 0.0004
108.4000 0.0005
113.1000 0.0006
116.9000 0.0007
127.6000 0.0009
132.9000 0.0010
133.3000 0.0011
133.7000 0.0012
136.9000 0.0013
141.4000 0.0015
142.7000 0.0016
143.5000 0.0017
145.5000 0.0018
146.4000 0.0019
149.1000 0.0021
152.1000 0.0022
165.4000 0.0023
165.8000 0.0024
166.7000 0.0026
182.5000 0.0027
184.6000 0.0028
185.2000 0.0029
185.6000 0.0030
188.1000 0.0032
188.2000 0.0033
189.6000 0.0034
190.9000 0.0035
191.2000 0.0037
192.4000 0.0038
195.0000 0.0039
198.8000 0.0040
201.0000 0.0041
203.1000 0.0043
222.8000 0.0044
228.7000 0.0045
237.4000 0.0046
240.2000 0.0048
240.4000 0.0049
240.6000 0.0050
243.3000 0.0051
245.5000 0.0052
246.3000 0.0054
248.9000 0.0055
249.5000 0.0056
255.1000 0.0057
255.9000 0.0058
260.1000 0.0060
263.2000 0.0061
263.7000 0.0062
266.2000 0.0063
266.7000 0.0065
267.1000 0.0066
268.3000 0.0067
269.1000 0.0068
280.5000 0.0069
285.6000 0.0071
285.8000 0.0072
290.6000 0.0073
291.9000 0.0074
294.9000 0.0076
298.4000 0.0077
301.3000 0.0078
301.5000 0.0079
303.7000 0.0080
306.9000 0.0082
309.5000 0.0083
312.0000 0.0084
313.5000 0.0085
313.6000 0.0087
316.3000 0.0088
319.8000 0.0089
320.3000 0.0090
322.2000 0.0091
326.9000 0.0093
327.4000 0.0094
328.7000 0.0095
330.4000 0.0096
331.6000 0.0097
338.7000 0.0099
339.2000 0.0100
339.3000 0.0101
339.5000 0.0102
339.6000 0.0104
340.3000 0.0105
342.4000 0.0106
343.6000 0.0107
344.8000 0.0108
345.5000 0.0110
346.5000 0.0111
347.1000 0.0112
347.8000 0.0113
356.3000 0.0115
356.8000 0.0116
363.9000 0.0117
364.1000 0.0118
365.3000 0.0119
368.4000 0.0121
369.0000 0.0122
371.5000 0.0123
372.7000 0.0124
378.3000 0.0125
378.3000 0.0127
380.1000 0.0128
383.1000 0.0129
384.3000 0.0130
394.2000 0.0132
395.0000 0.0133
408.7000 0.0134
414.1000 0.0135
415.6000 0.0136
419.1000 0.0138
420.7000 0.0139
422.6000 0.0140
424.5000 0.0141
424.7000 0.0143
425.9000 0.0144
431.0000 0.0145
433.3000 0.0146
435.0000 0.0147
441.1000 0.0149
442.2000 0.0150
442.7000 0.0151
443.2000 0.0152
445.1000 0.0154
449.4000 0.0155
450.3000 0.0156
452.4000 0.0157
454.6000 0.0158
457.0000 0.0160
461.5000 0.0161
483.4000 0.0162
487.0000 0.0163
487.4000 0.0164
487.6000 0.0166
489.1000 0.0167
490.0000 0.0168
490.1000 0.0169
490.4000 0.0171
491.4000 0.0172
492.5000 0.0173
492.9000 0.0174
496.8000 0.0175
498.7000 0.0177
499.4000 0.0178
502.3000 0.0179
506.3000 0.0180
506.8000 0.0182
509.9000 0.0183
510.4000 0.0184
516.0000 0.0185
520.3000 0.0186
521.0000 0.0188
522.2000 0.0189
530.9000 0.0190
537.1000 0.0191
537.1000 0.0192
541.1000 0.0194
541.5000 0.0195
549.5000 0.0196
549.9000 0.0197
555.1000 0.0199
562.6000 0.0200
562.8000 0.0201
565.2000 0.0202
565.6000 0.0203
567.6000 0.0205
567.7000 0.0206
571.1000 0.0207
576.5000 0.0208
580.1000 0.0210
585.3000 0.0211
586.4000 0.0212
589.8000 0.0213
591.8000 0.0214
596.8000 0.0216
608.3000 0.0217
608.5000 0.0218
610.4000 0.0219
613.2000 0.0221
613.6000 0.0222
614.4000 0.0223
615.0000 0.0224
617.8000 0.0225
620.6000 0.0227
625.7000 0.0228
627.9000 0.0229
628.1000 0.0230
628.5000 0.0231
637.6000 0.0233
638.0000 0.0234
638.2000 0.0235
638.5000 0.0236
639.8000 0.0238
643.2000 0.0239
643.9000 0.0240
645.0000 0.0241
645.6000 0.0242
646.1000 0.0244
647.5000 0.0245
650.0000 0.0246
650.5000 0.0247
651.1000 0.0249
651.7000 0.0250
652.6000 0.0251
654.9000 0.0252
657.0000 0.0253
659.1000 0.0255
659.1000 0.0256
660.4000 0.0257
663.6000 0.0258
664.6000 0.0260
668.5000 0.0261
674.7000 0.0262
681.7000 0.0263
683.6000 0.0264
683.7000 0.0266
684.2000 0.0267
689.9000 0.0268
692.0000 0.0269
696.1000 0.0270
700.8000 0.0272
711.7000 0.0273
712.7000 0.0274
713.3000 0.0275
715.7000 0.0277
717.2000 0.0278
719.5000 0.0279
719.6000 0.0280
719.6000 0.0281
721.2000 0.0283
722.7000 0.0284
725.2000 0.0285
740.8000 0.0286
741.5000 0.0288
742.1000 0.0289
742.9000 0.0290
743.8000 0.0291
744.4000 0.0292
745.8000 0.0294
751.2000 0.0295
752.7000 0.0296
755.1000 0.0297
755.8000 0.0298
755.8000 0.0300
760.1000 0.0301
762.4000 0.0302
765.9000 0.0303
766.0000 0.0305
785.4000 0.0306
786.4000 0.0307
787.0000 0.0308
788.5000 0.0309
788.8000 0.0311
789.0000 0.0312
789.7000 0.0313
790.5000 0.0314
791.2000 0.0316
791.6000 0.0317
792.3000 0.0318
796.6000 0.0319
798.1000 0.0320
798.7000 0.0322
799.2000 0.0323
800.3000 0.0324
802.2000 0.0325
807.3000 0.0327
814.3000 0.0328
814.6000 0.0329
815.1000 0.0330
815.4000 0.0331
817.6000 0.0333
819.0000 0.0334
819.4000 0.0335
821.3000 0.0336
829.6000 0.0337
835.1000 0.0339
836.7000 0.0340
839.8000 0.0341
843.3000 0.0342
847.2000 0.0344
848.8000 0.0345
850.3000 0.0346
854.8000 0.0347
855.4000 0.0348
861.3000 0.0350
863.4000 0.0351
864.0000 0.0352
865.4000 0.0353
865.7000 0.0355
866.2000 0.0356
867.0000 0.0357
867.2000 0.0358
872.3000 0.0359
875.0000 0.0361
875.8000 0.0362
878.6000 0.0363
880.5000 0.0364
880.8000 0.0365
880.9000 0.0367
890.0000 0.0368
891.3000 0.0369
893.8000 0.0370
899.4000 0.0372
903.9000 0.0373
909.0000 0.0374
912.4000 0.0375
912.8000 0.0376
914.3000 0.0378
914.8000 0.0379
914.9000 0.0380
919.9000 0.0381
927.1000 0.0383
927.5000 0.0384
929.3000 0.0385
935.2000 0.0386
936.7000 0.0387
937.7000 0.0389
938.3000 0.0390
939.2000 0.0391
939.9000 0.0392
942.8000 0.0394
943.8000 0.0395
945.1000 0.0396
946.0000 0.0397
950.9000 0.0398
951.2000 0.0400
952.2000 0.0401
955.5000 0.0402
959.6000 0.0403
967.4000 0.0404
969.9000 0.0406
977.4000 0.0407
979.6000 0.0408
980.7000 0.0409
981.9000 0.0411
982.8000 0.0412
990.5000 0.0413
994.8000 0.0414
1000.0000 0.0415
1004.2000 0.0417
1006.5000 0.0418
1009.2000 0.0419
1013.9000 0.0420
1014.3000 0.0422
1015.2000 0.0423
1016.6000 0.0424
1017.5000 0.0425
1020.9000 0.0426
1022.0000 0.0428
1022.3000 0.0429
1032.6000 0.0430
1036.6000 0.0431
1042.8000 0.0433
1046.8000 0.0434
1049.1000 0.0435
1051.6000 0.0436
1064.0000 0.0437
1064.6000 0.0439
1065.8000 0.0440
1071.0000 0.0441
1084.2000 0.0442
1089.8000 0.0443
1090.2000 0.0445
1090.3000 0.0446
1092.1000 0.0447
1093.8000 0.0448
1094.3000 0.0450
1097.2000 0.0451
1097.8000 0.0452
1097.9000 0.0453
1116.2000 0.0454
1116.6000 0.0456
1120.3000 0.0457
1137.7000 0.0458
1140.9000 0.0459
1140.9000 0.0461
1144.9000 0.0462
1147.0000 0.0463
1148.6000 0.0464
1149.2000 0.0465
1161.4000 0.0467
1163.6000 0.0468
1164.0000 0.0469
1164.6000 0.0470
1166.7000 0.0471
1172.8000 0.0473
1183.0000 0.0474
1187.3000 0.0475
1190.8000 0.0476
1190.9000 0.0478
1192.9000 0.0479
1198.7000 0.0480
1200.3000 0.0481
1211.9000 0.0482
1213.0000 0.0484
1214.2000 0.0485
1214.7000 0.0486
1215.7000 0.0487
1220.4000 0.0489
1226.5000 0.0490
1226.6000 0.0491
1239.4000 0.0492
1240.0000 0.0493
1242.8000 0.0495
1242.8000 0.0496
1244.8000 0.0497
1247.7000 0.0498
1251.6000 0.0500
1259.1000 0.0501
1265.8000 0.0502
1266.0000 0.0503
1270.4000 0.0504
1278.8000 0.0506
1281.4000 0.0507
1283.3000 0.0508
1284.8000 0.0509
1290.9000 0.0510
1300.6000 0.0512
1301.1000 0.0513
1303.0000 0.0514
1310.3000 0.0515
1315.8000 0.0517
1321.2000 0.0518
1323.6000 0.0519
1338.7000 0.0520
1339.5000 0.0521
1341.0000 0.0523
1345.1000 0.0524
1360.7000 0.0525
1363.0000 0.0526
1363.7000 0.0528
1364.9000 0.0529
1365.4000 0.0530
1366.5000 0.0531
1366.9000 0.0532
1369.5000 0.0534
1380.1000 0.0535
1381.8000 0.0536
1385.7000 0.0537
1393.2000 0.0538
1395.9000 0.0540
1398.0000 0.0541
1400.0000 0.0542
1408.8000 0.0543
1416.6000 0.0545
1417.3000 0.0546
1419.6000 0.0547
1422.1000 0.0548
1425.2000 0.0549
1429.2000 0.0551
1430.1000 0.0552
1434.0000 0.0553
1434.0000 0.0554
1440.1000 0.0556
1446.6000 0.0557
1446.7000 0.0558
1448.4000 0.0559
1453.0000 0.0560
1463.3000 0.0562
1464.0000 0.0563
1464.0000 0.0564
1464.3000 0.0565
1464.7000 0.0567
1466.5000 0.0568
1467.2000 0.0569
1468.7000 0.0570
1471.5000 0.0571
1478.1000 0.0573
1481.4000 0.0574
1481.9000 0.0575
1481.9000 0.0576
1485.0000 0.0577
1489.3000 0.0579
1490.3000 0.0580
1490.7000 0.0581
1492.1000 0.0582
1493.4000 0.0584
1499.7000 0.0585
1499.7000 0.0586
1502.3000 0.0587
1509.3000 0.0588
1510.6000 0.0590
1513.3000 0.0591
1516.1000 0.0592
1520.8000 0.0593
1526.1000 0.0595
1526.8000 0.0596
1527.3000 0.0597
1528.5000 0.0598
1529.0000 0.0599
1530.7000 0.0601
1538.8000 0.0602
1538.9000 0.0603
1539.2000 0.0604
1539.3000 0.0606
1546.4000 0.0607
1547.0000 0.0608
1548.7000 0.0609
1549.9000 0.0610
1551.3000 0.0612
1553.5000 0.0613
1554.7000 0.0614
1561.0000 0.0615
1569.7000 0.0616
1569.9000 0.0618
1581.3000 0.0619
1583.4000 0.0620
1588.6000 0.0621
1590.7000 0.0623
1592.0000 0.0624
1593.1000 0.0625
1607.8000 0.0626
1613.2000 0.0627
1614.0000 0.0629
1615.0000 0.0630
1615.5000 0.0631
1615.9000 0.0632
1619.2000 0.0634
1620.0000 0.0635
1620.4000 0.0636
1621.3000 0.0637
1622.3000 0.0638
1622.6000 0.0640
1623.4000 0.0641
1623.8000 0.0642
1633.1000 0.0643
1641.6000 0.0644
1643.0000 0.0646
1643.8000 0.0647
1645.4000 0.0648
1649.7000 0.0649
1649.7000 0.0651
1654.0000 0.0652
1657.3000 0.0653
1661.7000 0.0654
1664.8000 0.0655
1665.6000 0.0657
1675.9000 0.0658
1679.2000 0.0659
1680.5000 0.0660
1684.6000 0.0662
1687.5000 0.0663
1688.2000 0.0664
1688.4000 0.0665
1688.5000 0.0666
1689.1000 0.0668
1689.5000 0.0669
1692.2000 0.0670
1694.1000 0.0671
1695.2000 0.0673
1696.3000 0.0674
1697.1000 0.0675
1697.7000 0.0676
1715.7000 0.0677
1718.0000 0.0679
1721.6000 0.0680
1722.5000 0.0681
1725.4000 0.0682
1725.8000 0.0683
1729.6000 0.0685
1731.3000 0.0686
1731.9000 0.0687
1741.8000 0.0688
1742.3000 0.0690
1745.2000 0.0691
1746.8000 0.0692
1748.0000 0.0693
1748.4000 0.0694
1760.4000 0.0696
1760.6000 0.0697
1764.6000 0.0698
1765.2000 0.0699
1766.4000 0.0701
1767.8000 0.0702
1773.4000 0.0703
1779.0000 0.0704
1781.6000 0.0705
1786.9000 0.0707
1790.3000 0.0708
1791.3000 0.0709
1793.8000 0.0710
1794.7000 0.0712
1798.9000 0.0713
1800.3000 0.0714
1800.9000 0.0715
1801.8000 0.0716
1809.9000 0.0718
1813.0000 0.0719
1813.9000 0.0720
1814.5000 0.0721
1815.8000 0.0722
1815.9000 0.0724
1816.8000 0.0725
1827.5000 0.0726
1827.5000 0.0727
1828.5000 0.0729
1837.3000 0.0730
1838.1000 0.0731
1838.9000 0.0732
1842.1000 0.0733
1844.5000 0.0735
1848.0000 0.0736
1849.5000 0.0737
1852.1000 0.0738
1855.8000 0.0740
1860.4000 0.0741
1866.7000 0.0742
1869.2000 0.0743
1877.6000 0.0744
1877.8000 0.0746
1879.4000 0.0747
1882.0000 0.0748
1887.9000 0.0749
1909.6000 0.0750
1915.9000 0.0752
1918.1000 0.0753
1918.3000 0.0754
1919.0000 0.0755
1919.1000 0.0757
1919.3000 0.0758
1919.9000 0.0759
1921.7000 0.0760
1923.1000 0.0761
1925.5000 0.0763
1925.8000 0.0764
1926.2000 0.0765
1934.0000 0.0766
1943.3000 0.0768
1943.8000 0.0769
1949.0000 0.0770
1950.6000 0.0771
1951.3000 0.0772
1952.9000 0.0774
1955.3000 0.0775
1956.9000 0.0776
1962.7000 0.0777
1964.3000 0.0779
1982.3000 0.0780
1984.2000 0.0781
1987.7000 0.0782
1990.3000 0.0783
1993.9000 0.0785
1996.8000 0.0786
2001.7000 0.0787
2008.1000 0.0788
2015.9000 0.0789
2020.7000 0.0791
2023.0000 0.0792
2029.4000 0.0793
2045.7000 0.0794
2049.3000 0.0796
2054.1000 0.0797
2063.3000 0.0798
2063.4000 0.0799
2063.7000 0.0800
2064.3000 0.0802
2065.0000 0.0803
2065.2000 0.0804
2066.8000 0.0805
2067.4000 0.0807
2067.5000 0.0808
2070.9000 0.0809
2075.5000 0.0810
2078.8000 0.0811
2080.9000 0.0813
2081.5000 0.0814
2086.7000 0.0815
2090.0000 0.0816
2090.2000 0.0817
2096.3000 0.0819
2099.8000 0.0820
2100.5000 0.0821
2100.8000 0.0822
2100.9000 0.0824
2103.2000 0.0825
2103.9000 0.0826
2107.4000 0.0827
2108.6000 0.0828
2110.0000 0.0830
2111.2000 0.0831
2111.5000 0.0832
2112.4000 0.0833
2116.4000 0.0835
2117.0000 0.0836
2117.4000 0.0837
2120.1000 0.0838
2125.2000 0.0839
2126.1000 0.0841
2130.1000 0.0842
2131.0000 0.0843
2138.5000 0.0844
2138.7000 0.0846
2144.3000 0.0847
2145.5000 0.0848
2145.5000 0.0849
2147.2000 0.0850
2147.5000 0.0852
2148.4000 0.0853
2152.3000 0.0854
2156.0000 0.0855
2156.6000 0.0856
2157.5000 0.0858
2159.4000 0.0859
2161.7000 0.0860
2166.5000 0.0861
2167.0000 0.0863
2170.5000 0.0864
2173.0000 0.0865
2181.0000 0.0866
2182.4000 0.0867
2192.6000 0.0869
2195.5000 0.0870
2198.8000 0.0871
2203.7000 0.0872
2208.6000 0.0874
2212.1000 0.0875
2217.7000 0.0876
2219.8000 0.0877
2220.1000 0.0878
2220.5000 0.0880
2220.7000 0.0881
2221.2000 0.0882
2221.4000 0.0883
2223.6000 0.0885
2224.9000 0.0886
2225.4000 0.0887
2233.0000 0.0888
2235.2000 0.0889
2237.9000 0.0891
2239.9000 0.0892
2241.2000 0.0893
2244.2000 0.0894
2246.2000 0.0895
2247.9000 0.0897
2249.7000 0.0898
2250.1000 0.0899
2250.9000 0.0900
2256.4000 0.0902
2261.0000 0.0903
2261.7000 0.0904
2263.4000 0.0905
2265.2000 0.0906
2271.6000 0.0908
2278.7000 0.0909
2283.2000 0.0910
2283.9000 0.0911
2288.0000 0.0913
2314.9000 0.0914
2320.8000 0.0915
2328.8000 0.0916
2329.7000 0.0917
2342.5000 0.0919
2343.9000 0.0920
2353.8000 0.0921
2354.7000 0.0922
2360.9000 0.0923
2362.1000 0.0925
2362.8000 0.0926
2363.0000 0.0927
2363.3000 0.0928
2363.7000 0.0930
2365.5000 0.0931
2365.7000 0.0932
2372.7000 0.0933
2376.9000 0.0934
2377.6000 0.0936
2378.4000 0.0937
2380.8000 0.0938
2390.6000 0.0939
2391.2000 0.0941
2395.2000 0.0942
2395.7000 0.0943
2396.5000 0.0944
2397.1000 0.0945
2404.8000 0.0947
2407.7000 0.0948
2407.9000 0.0949
2407.9000 0.0950
2409.8000 0.0952
2410.7000 0.0953
2411.2000 0.0954
2420.8000 0.0955
2426.9000 0.0956
2426.9000 0.0958
2428.0000 0.0959
2435.6000 0.0960
2436.7000 0.0961
2436.9000 0.0962
2445.1000 0.0964
2445.7000 0.0965
2451.1000 0.0966
2459.4000 0.0967
2460.0000 0.0969
2465.6000 0.0970
2467.2000 0.0971
2467.8000 0.0972
2471.3000 0.0973
2471.7000 0.0975
2474.1000 0.0976
2477.2000 0.0977
2482.3000 0.0978
2482.6000 0.0980
2484.0000 0.0981
2489.8000 0.0982
2498.5000 0.0983
2504.2000 0.0984
2506.2000 0.0986
2506.5000 0.0987
2512.3000 0.0988
2512.3000 0.0989
2513.5000 0.0990
2516.2000 0.0992
2517.8000 0.0993
2518.1000 0.0994
2520.7000 0.0995
2520.7000 0.0997
2520.9000 0.0998
2521.6000 0.0999
2524.5000 0.1000
2524.7000 0.1001
2524.9000 0.1003
2531.8000 0.1004
2532.3000 0.1005
2533.0000 0.1006
2533.3000 0.1008
2537.5000 0.1009
2539.8000 0.1010
2541.0000 0.1011
2541.7000 0.1012
2542.2000 0.1014
2546.5000 0.1015
2551.7000 0.1016
2566.2000 0.1017
2572.1000 0.1019
2578.6000 0.1020
2583.0000 0.1021
2584.9000 0.1022
2587.6000 0.1023
2589.7000 0.1025
2598.2000 0.1026
2599.2000 0.1027
2599.7000 0.1028
2600.7000 0.1029
2601.5000 0.1031
2610.1000 0.1032
2618.4000 0.1033
2630.4000 0.1034
2630.9000 0.1036
2633.8000 0.1037
2635.3000 0.1038
2637.8000 0.1039
2640.5000 0.1040
2642.6000 0.1042
2642.8000 0.1043
2644.3000 0.1044
2649.2000 0.1045
2652.5000 0.1047
2660.7000 0.1048
2663.8000 0.1049
2665.0000 0.1050
2668.6000 0.1051
2672.1000 0.1053
2677.9000 0.1054
2679.2000 0.1055
2680.6000 0.1056
2682.3000 0.1058
2685.4000 0.1059
2688.8000 0.1060
2689.6000 0.1061
2705.3000 0.1062
2714.0000 0.1064
2727.7000 0.1065
2728.6000 0.1066
2731.0000 0.1067
2733.9000 0.1068
2737.8000 0.1070
2738.6000 0.1071
2743.3000 0.1072
2744.9000 0.1073
2746.0000 0.1075
2746.7000 0.1076
2750.2000 0.1077
2754.1000 0.1078
2756.0000 0.1079
2761.9000 0.1081
2763.1000 0.1082
2763.9000 0.1083
2764.3000 0.1084
2765.0000 0.1086
2768.9000 0.1087
2769.5000 0.1088
2775.3000 0.1089
2788.3000 0.1090
2790.2000 0.1092
2795.7000 0.1093
2800.2000 0.1094
2806.7000 0.1095
2811.0000 0.1096
2811.7000 0.1098
2812.5000 0.1099
2813.7000 0.1100
2818.7000 0.1101
2821.4000 0.1103
2827.3000 0.1104
2833.5000 0.1105
2835.5000 0.1106
2842.3000 0.1107
2843.9000 0.1109
2844.4000 0.1110
2845.7000 0.1111
2852.3000 0.1112
2855.8000 0.1114
2864.8000 0.1115
2870.0000 0.1116
2879.1000 0.1117
2880.9000 0.1118
2881.2000 0.1120
2884.3000 0.1121
2884.8000 0.1122
2889.6000 0.1123
2893.1000 0.1125
2897.0000 0.1126
2899.4000 0.1127
2915.7000 0.1128
2916.2000 0.1129
2917.1000 0.1131
2930.1000 0.1132
2935.5000 0.1133
2935.9000 0.1134
2937.3000 0.1135
2941.1000 0.1137
2943.1000 0.1138
2945.8000 0.1139
2946.2000 0.1140
2961.8000 0.1142
2965.7000 0.1143
2967.1000 0.1144
2967.7000 0.1145
2968.1000 0.1146
2971.7000 0.1148
2971.7000 0.1149
2972.0000 0.1150
2973.8000 0.1151
2974.1000 0.1153
2979.8000 0.1154
2979.8000 0.1155
2981.4000 0.1156
2981.9000 0.1157
2985.0000 0.1159
2988.8000 0.1160
2991.5000 0.1161
3004.5000 0.1162
3012.2000 0.1163
3017.5000 0.1165
3017.9000 0.1166
3019.6000 0.1167
3025.9000 0.1168
3026.7000 0.1170
3027.1000 0.1171
3028.1000 0.1172
3028.9000 0.1173
3029.9000 0.1174
3030.6000 0.1176
3036.1000 0.1177
3039.5000 0.1178
3043.9000 0.1179
3044.2000 0.1181
3045.5000 0.1182
3045.5000 0.1183
3046.0000 0.1184
3046.1000 0.1185
3046.7000 0.1187
3046.9000 0.1188
3047.0000 0.1189
3050.8000 0.1190
3051.8000 0.1192
3053.8000 0.1193
3055.3000 0.1194
3056.6000 0.1195
3059.9000 0.1196
3066.9000 0.1198
3071.0000 0.1199
3076.5000 0.1200
3081.7000 0.1201
3088.9000 0.1202
3089.7000 0.1204
3090.3000 0.1205
3091.6000 0.1206
3095.9000 0.1207
3098.0000 0.1209
3111.5000 0.1210
3111.9000 0.1211
3116.2000 0.1212
3117.0000 0.1213
3119.1000 0.1215
3119.1000 0.1216
3121.0000 0.1217
3123.8000 0.1218
3124.4000 0.1220
3126.7000 0.1221
3133.6000 0.1222
3136.1000 0.1223
3141.4000 0.1224
3141.5000 0.1226
3142.2000 0.1227
3153.1000 0.1228
3166.4000 0.1229
3170.4000 0.1231
3170.5000 0.1232
3178.0000 0.1233
3179.6000 0.1234
3184.9000 0.1235
3188.7000 0.1237
3189.1000 0.1238
3194.8000 0.1239
3195.6000 0.1240
3197.3000 0.1241
3197.5000 0.1243
3197.5000 0.1244
3198.0000 0.1245
3199.4000 0.1246
3215.5000 0.1248
3216.2000 0.1249
3216.9000 0.1250
3228.5000 0.1251
3228.9000 0.1252
3230.0000 0.1254
3230.3000 0.1255
3230.7000 0.1256
3235.8000 0.1257
3236.1000 0.1259
3236.7000 0.1260
3239.6000 0.1261
3240.1000 0.1262
3244.0000 0.1263
3247.8000 0.1265
3249.8000 0.1266
3253.7000 0.1267
3255.4000 0.1268
3257.1000 0.1269
3257.6000 0.1271
3260.9000 0.1272
3261.4000 0.1273
3262.5000 0.1274
3262.9000 0.1276
3262.9000 0.1277
3268.2000 0.1278
3269.7000 0.1279
3272.0000 0.1280
3273.2000 0.1282
3274.5000 0.1283
3277.6000 0.1284
3279.5000 0.1285
3281.2000 0.1287
3289.5000 0.1288
3294.1000 0.1289
3294.7000 0.1290
3299.3000 0.1291
3299.9000 0.1293
3308.9000 0.1294
3309.1000 0.1295
3313.0000 0.1296
3315.2000 0.1298
3317.2000 0.1299
3318.5000 0.1300
3318.8000 0.1301
3320.2000 0.1302
3320.5000 0.1304
3321.0000 0.1305
3321.9000 0.1306
3325.7000 0.1307
3326.3000 0.1308
3327.9000 0.1310
3333.3000 0.1311
3334.5000 0.1312
3338.8000 0.1313
3338.8000 0.1315
3339.5000 0.1316
3339.6000 0.1317
3340.0000 0.1318
3343.0000 0.1319
3352.1000 0.1321
3355.0000 0.1322
3358.3000 0.1323
3358.6000 0.1324
3358.7000 0.1326
3367.9000 0.1327
3368.1000 0.1328
3370.7000 0.1329
3372.4000 0.1330
3376.2000 0.1332
3379.0000 0.1333
3390.9000 0.1334
3391.0000 0.1335
3391.1000 0.1337
3392.4000 0.1338
3392.4000 0.1339
3395.7000 0.1340
3404.6000 0.1341
3409.2000 0.1343
3409.4000 0.1344
3410.9000 0.1345
3411.2000 0.1346
3411.7000 0.1347
3414.0000 0.1349
3414.9000 0.1350
3415.8000 0.1351
3416.5000 0.1352
3418.2000 0.1354
3418.7000 0.1355
3418.7000 0.1356
3418.8000 0.1357
3418.9000 0.1358
3420.3000 0.1360
3420.5000 0.1361
3421.7000 0.1362
3421.9000 0.1363
3422.4000 0.1365
3430.4000 0.1366
3434.7000 0.1367
3434.7000 0.1368
3435.3000 0.1369
3437.1000 0.1371
3438.5000 0.1372
3439.2000 0.1373
3440.2000 0.1374
3443.3000 0.1375
3443.3000 0.1377
3444.7000 0.1378
3447.3000 0.1379
3448.2000 0.1380
3448.9000 0.1382
3449.1000 0.1383
3450.0000 0.1384
3450.7000 0.1385
3456.5000 0.1386
3462.1000 0.1388
3467.1000 0.1389
3469.1000 0.1390
3469.9000 0.1391
3479.0000 0.1393
3479.2000 0.1394
3481.3000 0.1395
3481.5000 0.1396
3482.9000 0.1397
3483.7000 0.1399
3486.9000 0.1400
3493.5000 0.1401
3496.5000 0.1402
3497.2000 0.1404
3497.2000 0.1405
3498.1000 0.1406
3498.8000 0.1407
3499.6000 0.1408
3500.0000 0.1410
3502.6000 0.1411
3507.6000 0.1412
3507.6000 0.1413
3507.9000 0.1414
3510.8000 0.1416
3515.0000 0.1417
3515.4000 0.1418
3515.9000 0.1419
3517.7000 0.1421
3519.8000 0.1422
3519.8000 0.1423
3520.1000 0.1424
3521.4000 0.1425
3521.7000 0.1427
3524.8000 0.1428
3525.2000 0.1429
3529.4000 0.1430
3529.5000 0.1432
3530.5000 0.1433
3531.2000 0.1434
3531.3000 0.1435
3531.6000 0.1436
3531.7000 0.1438
3533.8000 0.1439
3536.5000 0.1440
3536.7000 0.1441
3536.9000 0.1442
3536.9000 0.1444
3541.9000 0.1445
3542.2000 0.1446
3543.9000 0.1447
3544.3000 0.1449
3545.5000 0.1450
3553.3000 0.1451
3556.1000 0.1452
3562.9000 0.1453
3576.3000 0.1455
